82030
82788
82795
191303
191216
191001
191004
190737
190717
190721
190715
190714
190676
81909
190648
190634
190623
81898
190621
190603
190594
190582
189887
190573
190543
190515
190481
190395
190356
190309
190204
190172
190050
190039
190040
191890
190028
81878
134447
204848
191387
191386
191385
204816
191381
191379
191380
204815
191345
191346
191332
191330
97627
9711
9707
9704
9703
9699
9698
9696
9693
9691
9690
9689
9688
9687
9685
9682
9681
9680
9679
9674
9673
9670
9669
9668
9664
9662
9661
9659
9658
9657
9656
9654
9653
9652
9651
9716
9643
18125
9636
9632
9631
9630
9628
9627
9626
9624
9619
9618
9609
9606
9604
9603
9600
9598
9597
9594
9593
9592
9591
9590
9589
9588
9585
9584
9583
9580
9579
9578
9577
7847
9575
7846
9569
9568
9567
18148
7845
9565
9559
9551
7844
9542
9541
9540
9539
9538
9536
9533
9531
9528
9526
9525
9523
9519
9517
9516
9515
9514
9512
9510
9506
9503
89623
9502
9500
9499
9494
9491
9488
7843
7842
7841
18039
7839
106006
9486
54163
106003
106001
105999
9483
7837
183034
183033
183032
54159
54158
183031
9478
186724
7836
183029
32716
105997
105996
105995
7835
183024
105994
9477
105993
186725
7834
183022
238029
183021
105991
9474
9471
105990
183018
105989
183017
105988
9466
183012
9463
9462
183009
7833
105982
183008
7832
105981
105980
105979
9461
183003
173813
105977
105976
105972
105969
183001
182999
105968
182997
105967
182996
9459
9458
105965
105964
54153
9456
18037
182992
182991
54151
9454
9452
105961
238018
32708
9450
238016
9449
18146
105957
105956
105955
182984
105953
183038
18036
182981
18035
32706
182980
54147
182977
183039
105951
9447
54146
105949
105947
105944
105943
105942
182975
105941
9443
182974
182973
9442
9441
9440
9439
105936
105935
105934
18033
182972
18032
18031
182971
105933
18029
105932
173810
173807
182967
105931
186727
182966
105930
9437
238012
32698
105928
9434
9433
9432
18028
182964
105923
105922
105920
32695
32694
32692
105913
105912
105911
105910
105909
105908
105905
105904
105903
18026
18025
18024
173806
32686
186729
32684
182963
105899
9424
186730
18023
9420
182960
182959
32679
9419
237996
182958
105897
9418
54137
182957
182956
237988
105896
105895
9414
9412
9410
182955
105892
182954
237981
182953
186731
237975
186732
182942
186733
237972
186735
9409
182937
54129
18020
182934
186738
9404
186739
9402
9401
9400
179276
9399
186737
9397
186740
182933
173804
186741
9394
18019
237964
9392
9391
182930
182929
237963
237962
9389
237960
32664
9388
182926
182925
182924
173801
9387
32663
182922
9386
9385
9383
18018
9382
18016
7855
18015
54128
182920
105891
182916
182915
105890
105888
105886
182911
18013
54126
105884
182910
186742
182909
182908
105883
9380
18012
182903
9379
105882
182901
186831
186743
32645
186744
182899
182898
182897
105881
182896
9376
182895
105880
105879
9375
9374
54122
105878
182890
186622
182889
182888
182887
9373
9372
18011
182886
182885
105876
9371
182882
182881
183093
186745
9370
105874
105873
105872
18010
105871
18008
54115
182875
182874
186692
105868
18007
105867
182873
18006
186746
54112
54111
186747
9365
182868
9364
9363
182867
9362
186748
18005
182865
182864
9361
182863
18003
182862
182861
182860
18004
182859
105866
105865
105863
18002
182857
182856
182855
182854
182853
182852
18001
182850
182849
9720
9357
55599
18145
18144
182847
9354
18000
182844
186624
105861
32632
105860
182842
105859
9352
9350
182839
182838
182836
182834
186693
17998
105855
182833
17995
17994
182830
182828
9348
9347
182827
9346
182826
182825
17993
105847
9345
182824
9344
17991
17990
182822
9343
12499
182820
182819
105846
182818
7854
9341
9340
186695
186696
9339
186716
9338
17988
9337
9335
182817
9334
182815
182813
182812
186697
9333
9332
9331
9330
182811
17984
9328
9327
237925
182809
186848
182806
182805
186717
186718
182804
9322
182803
186721
182802
186849
182801
9321
182800
182799
9318
9317
105841
182797
9316
9315
9314
9313
186722
9312
182796
9311
182795
54106
9307
237916
9303
9302
9299
182793
182791
182790
105836
9298
9297
32618
32617
32616
32615
105832
105831
9296
105830
182786
17982
105829
9295
179275
17981
182781
182779
105828
182778
32612
182777
105827
182775
182774
182773
182771
182770
105826
182769
182766
105825
17979
9291
105824
9290
102200
9288
105823
9287
17978
17977
9285
9284
9283
17976
395496
186756
9282
182765
105822
182764
9281
9280
54103
105821
105820
105819
105818
105817
173791
105816
9279
9276
105815
105814
105811
105809
105808
186851
105807
105806
54098
17975
186925
186924
105802
105799
105798
9275
182762
9273
105797
105796
182761
182760
182759
182758
182757
182754
173790
9267
9268
9266
9265
9264
105794
105793
9263
173789
186904
182753
17973
17972
9261
105792
182752
179253
182751
105790
17971
182750
9260
9259
9257
9256
105788
9255
17969
182749
105787
105786
182748
173785
182747
32607
32606
105783
105782
105781
105780
105779
105778
182746
17967
179254
17966
18142
105777
105776
105775
182744
182743
182742
179255
179256
54097
186485
186486
17965
182740
105774
105773
105772
105771
105770
182739
182738
182736
105768
186487
183066
182735
105766
186757
186758
105765
182734
186759
105764
105763
237863
182731
182730
182729
105761
182728
105760
182727
105758
54093
182725
105757
105756
105755
182724
179273
182721
182720
105754
182719
182718
186905
105753
186614
105752
182716
105751
105750
182715
121102
126737
105746
105745
105744
182713
105743
182711
120352
126736
105741
105739
182710
182709
105737
182708
182707
182706
182705
179257
105735
182704
182703
105733
105731
105730
105728
126734
105726
105725
106079
182700
105724
182699
105722
182697
182696
182695
182694
182692
105721
182691
182690
126732
32596
105718
105717
182688
182687
105716
182686
105713
105712
105711
17963
17962
105710
105709
105708
105707
126730
126729
182682
126727
182681
105706
105705
182680
182678
17961
105704
182677
17960
105703
105702
17959
182672
182671
182670
182669
182668
105695
17958
105694
105692
105691
9254
182667
9252
105690
9251
105689
105688
17954
54089
17957
9249
105687
9248
17956
105686
17955
182664
9247
182663
182662
182661
182660
182659
17953
182658
182657
17952
17951
105684
105683
105682
17950
182655
182654
17949
17948
182653
105680
9246
182652
9245
182649
182647
182645
182640
105678
17947
17946
105677
182639
182638
32295
17945
182635
182634
182633
182630
182628
182627
17748
54087
54084
105676
105675
105674
105673
54083
105671
105670
105669
17943
105667
105666
54081
126726
173776
32579
105665
9244
17942
9242
9241
9240
105662
105661
9238
119458
105660
9236
212877
125343
9235
9234
173774
9233
9232
54078
182626
179258
182623
186699
17940
32574
9227
9226
119822
125344
105657
182622
105655
182621
182620
54076
105654
9223
9222
105653
17939
17938
105652
105651
105649
182618
9221
182616
182615
182614
105648
182612
182606
31105
105647
182602
105646
182599
9220
9219
9218
182598
54073
182597
182596
182595
9216
17937
9215
212878
17936
31108
17935
182591
182590
182589
9214
125345
119251
182588
9213
9212
212879
119253
125359
32569
31109
9211
9210
105645
212873
179259
105644
119549
125360
119983
125361
9209
212881
105642
105641
9208
105640
105639
9207
9206
9205
212883
212884
173766
173765
9204
120014
125362
9203
9202
17934
31110
32567
119255
125363
17933
125365
119960
17931
17932
105638
105637
31111
9199
9197
105636
9195
31112
125366
32559
31113
32558
9194
9193
31114
31115
105634
31116
31117
125367
105632
105631
9192
9191
182587
182586
182585
105630
54068
182584
9190
220613
182583
182582
120285
125346
182581
182580
182579
186763
106080
9189
105628
186765
186766
105627
105626
186767
182578
17928
182576
182575
17927
182574
105625
179260
17926
182573
186768
105624
182572
232648
220615
9187
9186
105623
105622
186603
186604
105621
105620
182571
105618
182569
105617
111466
105616
396501
119236
125347
182568
396500
17925
105615
105614
17924
105613
9184
54067
105611
9182
105610
105609
105608
182564
54066
105607
396498
182561
9180
182559
182558
396496
125368
119302
105606
182557
396493
182556
106081
182553
179261
105602
105601
9176
32554
182551
106082
212895
186673
17921
105600
105599
9175
396491
182550
182548
182547
182544
105598
9174
9173
182543
105597
182542
9172
173757
173756
173755
18053
9169
105596
105594
173754
105593
105592
17771
182541
182540
182537
182536
182535
182534
182531
182530
105589
9165
182529
9164
182528
182526
54063
121053
125392
182525
182524
9162
182520
182518
105587
105586
105585
9158
182515
182514
182513
182511
9157
9156
182509
105584
17920
105583
17919
105582
182506
182505
182504
105581
182501
182500
173753
220486
182497
105580
182496
182495
105579
182494
182493
105578
232650
232651
9155
17918
9154
9153
9152
9150
9149
182492
182489
182488
182487
9148
186605
186606
186895
9147
105577
105576
182486
17917
105575
182483
9145
182480
182479
105574
9144
105573
212874
182477
105572
105571
105570
105569
182476
54061
182475
186771
105568
105567
9139
9138
105566
105565
182474
17916
9137
186772
182473
182472
9135
105564
9134
182471
119261
125370
125371
17915
106085
186607
182470
105563
105562
54060
173751
9131
9130
9129
220648
105560
182469
32545
186791
105559
182467
212886
182466
182465
105558
173748
182464
182463
182462
182461
182460
220466
237754
9128
102187
220739
9127
186793
186792
182458
9126
182457
182456
182455
182454
212897
212898
212900
212899
54058
173746
17914
105553
105551
105552
105550
9125
102188
9124
105549
237753
9123
105548
220453
9121
9120
220488
220489
182450
186794
220454
105547
105546
220455
182448
9119
182447
182446
182445
186773
182444
220740
32536
220742
9117
182441
182440
220741
9116
182439
21319
21236
125264
121078
220743
220456
17912
21233
21316
186674
32535
17911
182434
182433
182432
182430
186675
21229
21312
9113
17910
9112
9111
32532
21307
21224
182429
182428
182427
21223
182426
21306
21305
21222
182425
21226
21309
182424
220490
21304
21221
125372
220457
182422
220744
105544
220458
182421
21218
21301
21219
21302
220491
182420
182418
21216
21299
21215
21298
182417
182416
182415
105543
105542
105541
105539
182414
220745
220746
186910
182412
182411
186911
105538
105537
182410
106086
186912
54054
105536
182408
120033
125266
125267
182407
9110
125268
120010
182406
125269
120028
32525
17909
220747
105535
182405
186700
31118
9107
125270
21213
21296
9103
237733
186616
220493
182401
9102
9101
220494
21289
21206
34070
21293
21210
21291
21208
32524
21295
21212
21290
21207
17908
21200
21283
21203
21286
105530
105529
105528
182394
105527
9091
9089
105526
186701
17907
105525
105524
9088
9087
9086
105522
105521
21279
21196
9085
9084
21195
21278
32521
186676
220495
220496
182390
220497
186677
182388
182387
220748
182386
220649
106087
182385
32518
32516
220498
32515
21276
21193
32514
232655
220499
106088
182382
21275
21192
182381
182378
182377
17905
173732
21274
21191
125261
182376
182375
182374
182373
105520
105517
54051
9083
105516
105515
54049
105514
105513
9081
9080
9079
105512
220500
105511
32506
21273
21190
173728
173726
173725
32505
105510
105509
105508
9077
9076
21189
21272
57987
34072
17904
21187
21270
21186
21269
119850
125373
9075
125274
9073
32504
9072
220501
220750
105507
54048
105506
111468
9071
105505
106089
17902
106090
17901
105504
9070
173714
173713
125293
9069
105503
105502
106091
220502
220503
220504
125275
182370
182369
32292
9065
32495
32494
220505
105500
9064
105499
220616
106092
9063
212912
32490
32291
182368
125277
120299
126723
105498
54045
105496
106093
105495
9062
186774
186775
182365
182364
106094
32290
186776
105494
105493
182363
105492
212915
105489
17900
105488
17899
32483
106095
173708
105487
182361
182360
182359
186777
34073
173706
179245
9058
54044
17898
105486
179246
105485
186678
186679
186680
106096
105484
9057
182357
106097
34074
171768
34075
173703
173702
9056
105483
182354
105482
125295
182353
182352
105481
220617
34076
105480
105479
106098
105478
105477
173700
125278
182348
182347
182343
182344
125279
125280
119234
105474
105473
106099
105471
105470
120652
128063
17897
153920
153919
186780
220507
9052
106100
105469
105468
171747
32482
17896
54040
173697
105467
36306
120451
126720
32477
368552
125298
17895
120633
125297
9051
9050
9049
54039
105466
182339
220508
182337
9048
106101
105465
127918
120990
125299
186681
105464
105463
9046
9045
105462
105461
32471
9044
182333
173695
182332
182329
182330
125300
120013
125303
105459
182326
119294
125348
126718
106102
105458
105457
9041
9042
186863
186862
105456
119327
125281
182324
106103
186864
186865
105455
368555
105454
9040
186490
105452
182323
182320
182321
182319
182317
106104
182316
106105
186866
9039
126717
126715
105451
9038
9037
120223
128599
18074
17893
17892
105450
105449
182309
9036
9035
9034
125376
368560
106106
186494
105448
368129
17775
153912
17891
182304
182303
182302
106107
106108
32462
182301
182297
182296
105446
105445
105444
9032
125305
120195
182294
106109
105443
182293
186495
368563
105442
9029
182290
182289
32461
368564
153910
17890
32460
182284
182282
125377
125378
119436
105440
125306
120804
9026
106110
125307
119355
9024
9023
182280
361827
18075
182277
182276
106111
182275
242724
241792
242723
9022
17889
220509
119798
125308
119912
125282
9020
18076
113266
113267
54034
171748
9019
9018
242722
361823
127950
9017
105439
105438
17811
105437
105436
17812
126714
9016
9015
9014
106112
105433
105432
17776
105430
105428
9013
54023
125379
171749
32458
120090
32457
105427
368572
32455
105426
368573
125283
120359
358521
368574
126713
126712
9011
182272
242719
9010
242717
242716
32454
115258
105424
105422
182271
182270
182269
182268
182267
106113
9009
105420
337499
336669
125284
120058
105419
17888
304091
179248
368581
368582
182266
182265
105417
9008
106114
9007
242713
182263
126710
119605
126709
120296
9006
105416
105415
182262
32452
182261
9002
54016
105414
105413
106115
182260
105411
105407
105406
32448
173689
173688
32445
9001
173686
173684
9000
182257
8999
105404
173683
105403
182256
120560
125309
237690
106116
105402
105401
182255
368591
237689
154535
32442
182253
105400
8995
182251
54015
105399
182250
220511
54014
35937
105398
105397
368594
105396
105395
105394
106117
105393
32437
8993
304153
304156
304170
36302
183053
36301
237687
115246
125310
120540
106118
8991
8990
105392
105391
182249
8989
242702
125380
54012
32432
8988
106119
17887
182247
105390
242699
182246
304183
32431
337517
32430
32429
105389
182245
182244
337519
182243
182242
105387
120730
125311
173682
105386
242697
106120
105385
182239
242696
182238
242695
125381
125382
32427
182235
182234
182233
182232
134196
105384
182231
105383
105382
220513
32425
125383
119304
21268
12488
220514
32423
220664
35935
106121
105380
105379
186918
125384
119427
32421
12487
21267
182230
182229
182228
183075
242693
8986
21266
12486
106122
182227
105378
12484
182226
8984
8985
106123
8982
105376
220516
12482
17778
54007
8980
8979
8978
12481
21263
17779
12480
242689
106124
105375
105374
125313
120171
368603
237682
182221
12479
17780
21264
12483
17813
17886
32288
182220
12476
21261
8977
8976
105373
106125
8975
8974
105372
182216
105371
8972
304201
300386
105369
8970
105368
17814
17885
12473
105366
105365
12475
17781
12474
17782
65425
8967
17815
12472
8966
182214
12469
21260
105363
106126
105362
105361
182213
8965
8964
17816
17783
12471
17784
12470
17817
182212
105359
8963
182211
105358
8962
105357
128602
120340
105356
182209
105355
12468
21259
337554
347733
8956
8955
182208
8954
8953
8951
182207
323611
304219
182206
220666
220667
21257
12466
8950
32415
106127
21255
12464
17883
304224
182205
182204
105354
182203
182202
32414
105353
186802
242678
173679
105352
125314
120115
32413
53996
8948
53995
242676
74433
105350
106128
115229
21254
12463
34084
182199
242672
8946
182198
182197
105349
32407
105348
32406
105347
105346
32402
242668
375965
242667
74436
105345
17880
8945
8944
17879
17878
237666
53991
105344
106129
237664
17786
12459
17785
12461
8942
32401
32287
8941
182194
106130
8940
105343
74438
182192
182191
105342
182190
8939
8938
220518
105339
368617
290997
182187
106131
105338
182186
53989
220519
105337
125385
120347
105336
242666
105334
105333
8936
8935
182184
105332
376749
115225
105330
182183
21248
12454
106132
105329
12456
17787
186689
220520
8933
32397
8932
242661
105328
182181
105326
134197
134198
105324
105323
106133
105322
8931
106134
182179
105321
182178
182177
12453
21247
32393
32389
32385
32286
182176
21243
12449
21242
12448
182175
12447
21241
182174
128603
120744
220522
182173
21246
12452
12444
21238
182172
21240
12446
182170
105320
242660
32384
12445
21239
323380
304260
242659
8927
8926
106135
105318
186702
184562
8925
182169
17875
242657
242656
184563
8924
106136
32380
32378
182168
220523
220524
182167
12443
12442
34087
182165
105317
8923
105316
105315
182164
105314
237657
182163
12441
105313
182162
32376
182160
173677
17819
74443
106137
105312
182159
12439
182158
182157
12435
106138
32374
32372
182155
182154
12434
12437
105311
179270
21185
12433
105310
105309
105308
182153
182152
182151
105307
182150
12431
182149
21183
125316
121077
105306
105305
105304
106139
12438
105303
105302
368621
8922
74446
105301
106141
242647
17766
12429
105300
36292
184564
105299
105298
8921
18077
119237
125388
106142
105297
220527
105296
105295
242643
182148
242641
182147
173676
8920
106143
105294
105293
8918
106144
105292
119239
125389
105291
105289
105288
8917
105287
105286
106145
105285
220529
220530
182146
220650
182145
106146
182144
182142
368629
182141
242636
182140
105284
105283
368631
12424
12425
105281
8916
53980
12422
17874
36291
12421
12420
105280
12419
182136
182134
183077
53978
35931
8913
8911
12416
12415
12418
17788
17820
182133
242629
32368
119749
53976
182131
344044
182130
119917
53975
105279
12414
17789
74455
115213
220532
106147
105278
368637
119762
74456
32365
120085
119976
36289
105276
106148
125317
120156
8910
220535
12413
220400
324448
304302
182127
105275
105274
32233
300390
304303
220402
232658
120750
106149
120880
368639
105272
106150
220533
105271
12409
105270
220536
242622
182123
105268
105267
105266
105265
105264
17873
8908
106151
105263
17872
8907
12406
300392
304307
12408
17765
12407
32358
12403
8906
12402
17871
36288
12400
8905
8904
220538
8903
173672
105262
182118
182117
12397
21181
12396
182115
182114
115211
105261
105260
182113
182111
12393
12491
12391
106152
12390
105259
8902
12394
17764
34027
105257
8901
8900
105256
8899
8898
182107
182106
17763
12388
12387
17762
8897
220539
106153
237645
369377
12389
17821
8896
105253
8895
182104
115210
8894
182103
17822
182102
17823
32356
186703
105252
173664
12381
8893
105251
8892
8891
8890
242617
12383
8889
32355
173661
105250
12382
105249
105248
8888
12380
12377
17870
105247
105246
182098
36283
106154
8887
74460
12375
17790
12378
8885
8884
8883
17767
12376
12374
304325
304329
173659
105245
106155
17824
105244
105243
53965
12367
18065
53964
105242
182094
12365
105241
182092
232659
12360
74461
105239
8881
18078
105238
12371
12370
106156
32353
8880
105237
12366
17761
17825
12362
12356
17793
18079
12355
12492
12359
368645
18080
105236
106157
105235
8879
105234
173657
220541
17826
17794
12354
127749
220668
12349
105233
121061
125320
127293
127352
17795
12353
106158
105232
105231
105230
12350
367015
17827
12348
8878
126706
126703
126701
126700
119199
126699
120063
126697
8877
8876
126696
17828
12347
17796
12346
17797
242610
17829
32234
182089
17868
17867
8875
8874
53963
182087
17869
8873
8872
8871
8870
8869
17830
18082
8867
237636
17831
105229
53962
8866
105228
105227
106159
8865
105226
8864
12341
126695
154499
8862
106160
8859
8858
8857
8856
17832
126884
120897
12342
237635
182084
53961
105224
106161
106162
368650
74462
154498
182082
105221
105220
120313
126886
17800
12337
119865
125321
126885
120775
186704
120514
126887
12333
12328
17801
220403
182078
18083
111482
12325
105218
182076
12323
12330
105217
105216
12329
53959
8854
304365
8853
8852
8851
53957
120795
126889
182073
186705
12326
17802
12321
12324
17803
17834
31129
12320
8850
8849
12322
17804
12318
12317
182068
105214
105213
12311
182067
8848
242604
173653
8847
12314
12313
74463
105211
12312
120847
126890
182064
242601
182063
242599
36278
17835
8845
105210
12316
119504
8844
53955
53954
53952
53951
53950
8843
8842
8840
53949
53948
102190
12309
17836
220544
53946
53945
53944
17837
17838
105209
12310
12308
105208
115202
182061
220546
12306
182060
182059
12305
8838
8837
183079
220547
106163
12304
12303
220548
220549
220550
8834
17839
12302
120789
12301
17805
12300
324451
304398
115201
12299
105207
12298
106164
242596
105206
186901
105205
182057
242592
182054
105204
182053
182052
220405
126893
120786
368660
119405
12297
12296
105203
106165
12295
17760
182047
12292
12291
182046
17863
105202
304402
324452
8833
8832
8831
106166
127213
120624
220407
180476
53941
182045
120619
126895
105201
173650
34089
12290
220408
12289
8829
105200
173649
106167
105199
8828
8827
8826
17862
8825
8824
8823
8822
120820
32337
126894
8820
119642
12287
12286
105198
12281
186935
12285
106168
53939
173647
8819
106169
12284
105197
12283
105196
115199
12282
105195
105194
105193
12278
106170
34090
32335
12277
105192
105191
105190
32334
32333
105189
106171
17861
8818
102191
105188
12274
8817
126897
120240
220553
115198
8815
8813
395521
395382
106172
8812
12272
12271
17840
12276
12275
120802
126898
17842
17843
12270
12269
12264
17844
17845
12263
17759
12261
182042
12257
12256
186515
186516
12255
186517
115197
12260
17806
12251
12250
12249
106173
34091
105187
106174
106175
106176
8810
12254
182038
105185
12253
106178
105184
12252
12246
106179
12245
105183
182037
106180
105182
105181
105180
105179
105178
17847
369378
182036
105177
105176
8808
74464
17846
12237
105172
105171
182035
106181
367017
12242
12241
182031
105170
12234
105169
12240
17848
17807
12239
12238
17808
242585
12236
12233
12231
12230
115192
105168
105167
105166
12226
12229
12228
12224
182028
173645
127828
120629
182027
105165
106183
106182
127235
182025
12222
182024
106184
337772
337773
173640
32322
105164
182023
106185
105163
127295
237602
182022
105162
182021
182020
182019
120342
127920
12216
376752
182018
182017
105161
105160
173636
34092
105159
105158
105157
12215
182016
182015
105156
12213
105155
36276
12217
106186
173631
17858
120338
127750
119776
127751
182013
12212
32320
182011
105154
182010
115185
105153
12211
106188
106189
182009
182008
182007
182006
12210
182004
12209
182003
105152
182001
105151
12208
106190
105150
220298
182000
12207
8805
242574
12206
181998
12204
181997
8804
242573
8803
173628
181996
181995
181994
181993
105149
8801
105148
17849
12203
105147
220671
186706
181991
106191
105146
242570
127214
127215
361580
12202
106192
181990
181989
128606
119635
181988
12199
127216
105143
105142
368684
12200
368686
105140
106194
105139
127236
120016
181987
12196
12194
12193
105138
106195
8798
8796
181985
12192
186707
12191
105137
12190
232661
128480
105136
17850
181983
8795
105135
128481
12189
128482
12187
12186
220554
242566
105133
181981
181980
12184
127963
181977
105132
181976
105131
181975
12181
12182
181973
181972
181971
12173
105129
237590
12170
12169
181969
12168
12177
12176
12174
181968
12166
105127
12172
12171
105126
181967
181966
106197
105125
119561
128608
12178
12165
181965
181964
181962
181963
181961
181960
36275
181959
106198
105124
12162
12160
17768
181957
181956
220621
250289
105123
105122
12158
106199
181955
8794
8793
12157
105121
220411
12159
12153
17769
181954
12151
181953
181952
12156
115179
8791
106200
181951
12150
34028
181950
181949
12149
181948
383829
181947
33910
181946
115178
181945
105115
181943
12145
115173
127921
12144
12147
12146
181941
105114
105113
181937
237584
181936
181935
220622
105111
12142
181934
105110
105109
115172
106201
181932
12139
12143
12141
18084
181931
105108
181930
181928
105107
106202
105106
105105
105104
105103
8788
237576
18085
33909
105102
181925
237575
237574
33906
242557
242555
12137
8786
17857
12138
18041
12136
12135
181920
181919
120287
36273
36272
33903
237568
8785
33902
12134
33899
33898
237565
8784
181916
105101
120583
127722
181914
181913
242553
12133
12132
237564
106203
12131
125285
105100
12129
12128
181911
242548
242546
105099
181909
237563
105098
181908
237562
105097
242545
105096
181907
12127
242544
237560
128483
120263
8783
173626
106204
181906
12125
12126
17754
12124
105095
105094
105093
173625
181905
181904
181903
181902
53906
74466
383845
383846
181901
106205
12122
12121
105090
105089
337936
120916
105088
173624
105087
181898
237557
181896
106206
105086
237556
8782
12120
181895
8781
8780
12119
106207
12116
18042
8779
337953
173621
18054
181894
179251
179252
32309
32308
186530
128067
119788
128068
120513
181892
12117
186531
18055
105082
186532
186533
186867
337959
105081
237554
105079
115169
181889
106208
368697
18056
105078
12115
8778
105077
8777
186534
337965
181888
106209
186535
53896
337970
111463
111462
106210
12114
12113
105076
186868
106211
111459
111455
105074
12495
12109
105073
111454
105072
127732
119828
111452
105071
106212
173617
120487
125286
111451
111449
105070
111448
111453
12108
111446
105069
181885
181883
111474
111445
220558
105068
127297
18043
12106
111457
12494
12110
220623
12104
111441
111440
105067
111439
111437
111436
181880
105066
111435
12103
105065
116039
111434
105064
8774
368701
111432
126923
120728
105063
111431
12102
120879
128486
12101
111430
120846
128487
105062
111429
115166
126924
383859
126925
119270
114389
8772
111427
383862
242535
115165
36269
8771
106213
105061
12099
12098
12100
111428
111424
181879
36267
105060
249906
111423
105059
116037
115164
212858
106214
249905
249904
249903
249902
181878
249901
249900
186536
186708
12093
105058
12092
212864
105057
246869
249898
116036
115163
12096
249897
53891
246868
246867
246866
111420
12091
111419
246865
181876
249896
128488
119860
12090
212925
12089
106215
119705
126926
105056
33889
33887
105055
8767
246863
105054
181873
246862
8765
237544
249892
249891
12087
249888
249887
249886
126927
111416
33885
250299
362472
12086
119732
128609
173615
250304
74473
74474
184570
184571
127017
121156
119466
127733
111411
184574
115159
116034
8761
126928
120690
126929
8760
220560
111410
105053
53889
220561
105051
8756
12080
249880
237543
111409
111408
128610
249879
249878
184575
249877
249874
249873
181870
8754
8753
8752
181869
181868
304597
181867
181866
237540
181865
111403
249869
246857
8750
246856
246855
249867
184578
111402
249865
186875
220564
249864
111404
105050
249862
249861
246853
249860
184579
111400
12073
128489
55628
12072
181863
111399
111398
119174
126693
249859
249857
8749
249856
111397
105049
181861
105047
246851
186525
184580
105046
184581
105045
181860
181859
246850
246849
246848
181857
246847
111389
246846
105043
105042
111388
105041
105040
111387
12071
220143
120473
127238
105038
249855
246845
246844
246842
105037
116033
246841
249852
111381
184586
184587
111385
184588
186537
249851
249850
105036
246836
181853
120862
127217
249849
111380
249848
246835
184589
105035
249846
105034
120494
126692
220624
220565
220566
111377
184590
186538
249840
111376
181850
246833
246832
249839
181849
181848
246830
111375
105033
181844
36264
74475
181842
181841
181840
184595
105031
113214
111372
249833
111371
111370
237532
12063
12497
111369
246825
181838
181837
74476
181836
111368
181835
181834
181833
184598
249830
115148
249829
111364
111363
249828
126691
181832
249827
249825
249823
249824
249822
181830
111359
111358
127239
111356
246824
249819
184600
186539
181829
184601
186540
184602
186541
249818
186542
184603
246822
246821
111354
246820
127240
120519
246819
249814
249813
395372
246818
395531
249812
246817
95447
246816
237528
249811
12057
181826
249810
127922
242517
128069
127428
95448
127923
127218
119696
127734
126875
120124
249807
12056
184607
181825
111349
249806
181823
111348
181822
111346
249805
111345
237526
111344
105026
237525
220625
220626
111343
212866
220308
181819
181818
8746
8745
115144
115143
246014
181816
181815
105023
127241
242513
12051
18044
105022
246809
181812
249803
12049
17770
8742
249802
8740
111340
127429
220145
184610
369430
105021
249801
186884
181811
181810
128352
111339
249799
111338
36261
181809
12047
181808
249795
127242
249794
220146
249792
111335
249791
12046
246808
249790
249789
111334
249786
220148
111333
249784
246807
128490
18045
181807
12045
181806
173607
220147
249778
105020
186543
105019
12048
8738
8737
105018
181804
181805
12044
181803
181802
181801
181800
12043
111331
127431
105017
173604
249775
126689
105016
181798
126688
304660
246805
8736
249773
249771
106217
304663
181797
181796
304669
111330
105015
111329
12039
246803
105014
246802
111328
246801
120396
127433
53874
249767
181794
111327
249765
249764
249762
111326
249761
242509
184613
184614
111324
220627
249760
12037
246799
249759
186526
111323
111322
249757
249756
127027
184615
106218
181793
186544
111321
105012
105011
12036
181792
181791
111320
181790
181789
111319
249753
111317
192427
74490
120436
126685
12033
119592
126684
126683
181788
246798
184616
111315
111314
111313
250308
8735
8734
12032
18046
12031
246796
212867
105009
249750
8732
249749
120337
186887
249748
220628
220629
220630
242505
181785
12028
181784
111310
181783
12026
181781
126932
249745
111307
249744
249742
249741
111306
8730
8729
106219
246791
105008
181779
181778
249740
173602
121105
126933
220631
192428
186690
111305
181777
111304
237507
128611
369431
154481
220632
220633
8727
220634
8726
111301
111300
53871
181774
12018
18050
12017
127028
181772
181771
127735
368727
368728
125390
186640
111298
33874
33873
111297
186545
111295
105007
111293
32307
105006
212869
105005
220571
105003
212870
184619
246790
173596
246789
173595
246788
128070
105000
102194
246787
111284
12015
33871
104998
249736
111283
181764
246786
104997
127379
120143
104996
12011
104995
127964
181763
111282
104994
111281
246784
104993
246783
246782
104992
184620
128492
212871
212872
33867
246781
111279
128493
249734
111278
181760
181759
249729
111277
12013
12012
104991
12009
111276
74492
104990
111274
181758
128494
120796
8724
111273
249726
304727
111271
8722
111270
120978
128495
8719
8718
111268
249722
249723
249721
128612
181756
249718
111264
111263
181755
116030
181754
184621
104989
8717
104988
111259
111261
249712
249711
111260
249709
249708
116027
116026
111258
8715
8714
184622
111257
12008
184623
104987
111254
104986
181753
173592
116024
8713
8712
104984
184624
111269
249705
104983
181751
181750
12007
104982
104981
111251
104980
104979
104978
104976
104977
104975
111250
249704
181749
104974
186889
237495
248600
106393
237494
246779
246777
12004
12003
127301
119470
11999
18051
119609
127380
111249
11998
11997
11996
246776
53865
246773
104973
104972
173585
246772
181748
184625
111248
173584
111246
111245
8710
383903
119528
128613
12001
34128
128615
12000
11993
116022
8709
111241
116020
116019
249702
34129
8708
249699
8707
11990
33863
33864
11989
249697
249696
249695
173583
249693
11988
34132
33860
184627
11987
249691
246771
128497
120273
120673
128498
246770
249690
249689
249688
111239
111238
74495
249683
249682
127243
120053
127029
8706
104969
249681
181741
383911
184629
249679
111237
11985
249677
249678
181740
181739
246769
246768
104968
127244
104967
111236
116016
104966
181738
249676
383912
246767
111233
104965
115132
116017
173582
173581
104964
106221
246765
249675
104963
111232
246764
8705
8704
246762
249673
35921
154475
173580
173579
11982
21179
111230
249672
11981
21178
249671
111227
11980
181735
21177
181734
111226
242496
111225
249670
249669
184630
249668
249667
111222
181733
173578
53861
11978
21175
249666
181732
249665
249664
111220
104962
220638
8703
11976
21174
104960
115125
116015
111215
104959
128499
111214
104958
111212
184631
74498
104957
111211
8702
181731
111210
181730
249657
249656
242494
154474
249654
249653
181729
11977
12500
111209
116013
111206
111205
104953
104954
186546
106222
104952
246756
104951
104950
11975
104949
21173
249651
111198
181728
249649
111197
249648
121127
125409
249645
246755
104947
104945
128500
11973
104944
220154
116008
249644
11969
21168
104942
21170
11971
104941
181726
111194
116007
237482
104940
116006
11968
21167
8701
8700
8699
181725
21165
11966
104939
104938
186528
249642
249641
104937
104936
249639
249637
111191
104935
104934
11964
184635
21163
184636
184637
184638
104933
181722
104932
104931
383916
181720
111190
181719
181718
181717
249636
184639
111189
106223
104930
53859
120669
53857
35919
383917
184640
119589
127736
181715
11960
21159
21161
11962
104927
21157
111186
249634
11958
115994
104926
104925
104924
35918
36252
104919
104917
220575
115992
249633
111182
111180
21156
249632
11957
181712
111179
249630
246746
249629
21153
11954
249628
11956
21155
181711
181709
181708
111177
181706
249626
181705
127245
119389
33848
249625
249624
181704
21149
11950
104911
104910
115989
11947
21147
181703
181702
249622
111169
181701
186641
186642
11946
249619
21146
181700
127219
120491
11948
220639
8698
111166
111165
368747
249617
21145
11944
111162
115985
184646
249612
249609
111156
115983
115982
106224
237479
181698
11941
21142
249608
220640
11945
161504
184647
181697
249606
249605
111154
119418
126934
115981
249603
220642
11940
21141
11938
21139
11937
184649
181694
104902
184648
104901
181692
111152
181691
181690
111151
249601
104900
106225
21140
11939
249600
181688
104899
181687
111150
74501
249598
249597
184650
111149
104898
249595
184651
368754
111147
249594
249593
111146
104897
104896
111145
111144
249591
104895
181686
115120
115979
395671
111138
111136
368756
104889
104888
181685
127220
120810
111132
11936
249590
249589
249588
115116
115976
249586
8691
383921
368757
115975
249585
249584
128501
119187
111128
186547
104885
8690
249578
181684
173570
173569
11935
111127
173564
106226
249576
111126
249575
249574
104884
21138
11934
111124
8689
8688
11933
21137
249573
246737
181683
102195
181682
111123
237477
184655
154463
154462
104881
181681
181680
104880
21136
11931
181678
111122
104879
181677
104878
249572
246735
21135
11930
104877
184653
8687
111119
11932
111117
181676
106228
8686
106227
242465
220320
249568
21133
111116
11927
111115
111114
21132
11926
249567
11925
249566
21131
184658
11929
111112
184659
249563
249562
249561
249560
184660
111110
249559
104876
21130
11923
8685
8684
184661
249558
11922
21129
111109
246734
8683
104875
249555
125410
119687
249554
11921
21128
104874
21127
249553
111106
11920
111105
246733
237474
11919
21126
184657
127246
119206
104873
111103
21125
11918
115108
115974
119198
126935
242461
104871
181674
111102
21124
11917
184662
249551
249550
21123
249548
11915
111101
249546
104869
74505
104868
184663
104867
36247
36245
104866
35911
111097
184664
249543
21121
11912
249542
21120
11911
111100
249541
249540
111096
249539
21119
11909
249538
35909
120741
125350
246730
246729
111095
237468
249537
111093
11908
21118
111092
21117
111091
11907
8682
36240
11906
21116
74507
104864
98780
119358
127727
36239
11905
21115
249536
249535
21114
11904
181672
11903
21113
249533
249532
237467
111087
111088
111086
249529
11913
21122
249528
111085
111084
111083
104862
249527
111082
249525
36236
111081
115103
249521
21112
249519
11902
104861
249518
8681
11901
154450
181671
98570
181670
11900
21111
36235
237465
98782
98783
36231
36230
249517
181669
111078
53845
111076
249515
249513
249510
184667
249508
249507
184668
249506
111075
186643
186644
111074
115102
8680
104860
35907
400539
249501
111073
181667
104859
104858
181666
395545
395358
104857
104856
181665
36226
125418
120866
125417
120528
181664
181663
173561
173560
173559
111066
36225
181661
115971
115100
249499
21108
11897
249498
115964
111064
21107
11896
181660
115969
8679
8678
127829
119694
111063
104855
111062
120968
127830
249495
249492
249493
249491
249490
249489
8676
111060
104852
184670
11894
21105
184671
21101
11890
111059
249486
249485
11892
21103
11891
21102
8675
8674
8673
8672
184672
115093
111058
249484
249483
249482
104851
111056
181657
242452
8671
8670
8669
8667
8666
115963
11888
21099
181656
395670
184674
181654
98795
104850
111053
106229
111478
237458
184676
115091
98571
8665
33841
111051
111050
111049
181652
181651
181650
249478
111048
249477
184677
249476
249475
104849
115961
21095
249474
11884
111047
249473
181649
173554
184673
115089
111046
115959
115960
184678
249470
249469
21094
249468
11883
249467
111044
249466
68689
184679
98800
98806
21093
11882
115958
249465
249464
36222
53841
11880
181647
184680
249463
249462
181645
249461
249460
36220
181644
237456
111041
111040
104846
127831
120773
237455
249458
181643
249457
249455
111038
249454
74512
111037
111036
104845
128504
111035
111034
181642
111033
173553
104844
8661
111032
173551
104843
21087
249453
11874
8660
8659
184681
104841
104840
184682
249450
8658
11875
21088
33839
11870
8657
104839
8656
184683
368776
249448
184684
21085
11869
111026
246710
249447
111025
181641
237454
220643
104838
111028
21086
11871
21084
11868
192430
184685
184686
8655
183100
181638
104837
115952
249445
181637
104836
128353
241784
383937
120205
127728
104835
111023
184687
249441
11865
21082
111022
246705
115949
11864
249440
21081
184688
111017
104834
246704
249439
104833
120424
127435
368777
184689
11863
21080
111016
249438
246702
111012
249435
246701
249434
246700
111010
111009
181634
181633
181632
111008
240621
249433
111014
11860
21078
111007
246699
111006
8654
181630
181629
181628
246698
111003
111002
111001
237452
181627
104832
249431
181625
11856
249428
186548
21074
11855
249426
186549
249424
249423
184693
246697
181623
110999
11858
111011
21076
115943
21073
11854
249420
11853
21072
184694
181622
110996
110995
184691
249417
8653
8652
104830
104829
11847
21066
181619
110992
181618
121137
125411
181617
21068
11849
110990
249415
249414
184700
110988
110987
181616
21063
249411
11844
184701
184696
106230
249409
186550
154437
246693
154435
127030
181613
249405
249404
249402
249401
104827
249400
98816
186709
181612
110993
21065
11846
104825
181611
184706
249398
11843
184698
11842
21062
11841
21061
115936
104824
246690
21060
11840
173546
104823
181610
173544
184708
173543
304840
115084
115934
128616
119290
110985
181609
119396
181608
181607
184709
106231
249396
249394
249393
246687
33825
246685
11839
21059
110984
173542
120900
127729
184710
184711
154626
184712
246680
184713
110983
110982
104820
184715
184714
246679
173541
183151
104819
249386
181606
192518
181605
106233
249384
249383
110980
8651
249382
120828
127247
181602
106232
110979
186551
104818
186552
184716
186553
181601
110978
249380
53835
186554
249378
246673
21054
11834
246671
246670
104817
249376
181600
21057
11837
249375
21487
21053
11833
304863
369428
151989
98572
249371
104816
104815
249366
249365
184718
249364
98821
368785
181599
173539
11828
21049
304869
300346
8650
110976
21050
11829
154430
184719
181597
241783
246667
21047
11826
110974
21051
11830
110973
173538
173536
173535
181595
184720
104814
110971
242433
181594
186555
104813
11824
184722
104812
8649
104811
181593
181592
181591
232663
232664
11823
181590
104809
11827
21048
11822
21046
181588
181587
181585
181583
249361
249360
249359
249358
104808
249357
186645
110961
240599
110960
249356
110965
104805
246666
249354
246665
246664
173533
181581
249353
249351
18086
249350
249349
21042
11818
184725
8648
120231
128618
106234
8647
8646
7853
246663
119382
125323
249346
368788
368789
184726
11819
21043
186682
186683
181580
110952
21041
115921
184727
11817
8645
11816
181579
21040
104803
104802
115920
33816
181578
181577
181575
249338
181574
8642
110947
8641
8640
119782
128619
110945
8638
11811
21035
249337
249336
