249333
181573
181572
11810
21034
240592
104800
104799
8637
181569
181568
181567
21030
11806
181566
181565
181564
181563
184729
249329
110942
179269
120284
127422
18087
181562
11814
21038
184731
181561
8635
11813
21037
237430
184732
184733
181559
110939
110940
249328
249327
242425
242424
74517
249321
21028
249320
11804
249319
8633
119686
181558
181557
181556
181555
11803
181554
104798
181553
181552
110938
110937
181551
11802
104797
181550
106235
192468
249316
184738
249315
104796
104795
104794
186804
249313
184739
8632
104793
249312
249311
110935
110934
184740
249307
249306
11800
110933
11799
110932
183086
104792
104791
186556
110931
104790
181548
11797
98830
104789
104785
375914
104784
102196
104783
249300
249299
110924
181547
104782
110923
181546
181544
11794
21025
154425
120059
128028
249291
181543
186557
98574
127965
110921
104781
181542
110919
104780
110918
184743
127966
104779
104778
106236
104777
154424
181541
181540
249290
143962
181539
143961
143960
246656
120271
128620
104776
127967
120329
104775
181538
8631
181537
249285
249284
143957
202736
368792
119806
125394
143954
104774
249283
249282
249281
98837
376475
376514
104773
128029
181536
181535
249279
304905
320385
249278
181534
110917
240580
186646
178868
249276
11786
181533
21021
11785
186684
11784
181532
11783
249274
181531
237423
18057
106237
186685
181530
186686
181529
119202
126936
184749
110915
249269
249268
184750
181528
179268
120122
128505
143944
119738
368797
128506
11780
11788
21022
104770
376966
368803
143942
143941
154419
181527
181526
383959
249267
184751
104769
11779
184753
8630
383960
110913
249266
110912
181525
104768
181524
18058
246653
181523
181522
11778
11777
8627
110911
106238
246651
110910
11776
104767
104766
110909
110908
181520
184754
110906
110905
106381
143937
186558
184755
237418
143935
104765
143933
249264
110904
98841
104764
143934
98842
11771
181519
181517
11769
125405
21017
11767
186559
249263
11766
181514
181513
8626
181512
106239
246647
11764
237416
53831
33809
11762
21015
11761
21014
184757
11760
32305
246645
11759
184758
181511
181510
277695
249260
178869
104762
110898
246644
249259
110897
11754
21012
11753
110896
246642
11752
184761
186560
120269
128621
104761
181509
110892
110891
181508
184762
11750
249258
110890
184763
18059
110887
11748
181507
110886
18060
18061
104759
128030
120268
11746
21010
106240
21009
11745
104758
53830
246640
249256
184764
249255
36214
249254
184765
186561
184766
250317
246639
184768
33808
110883
115912
115073
18040
110885
110882
186562
186563
8625
184769
8624
184770
8623
8620
8621
8619
8622
186564
181506
186566
181505
181504
110881
115072
115910
53828
184771
18062
246636
8618
104757
7852
8617
8616
11741
21005
110880
8615
249251
110879
249250
110878
8614
368812
104756
8613
173531
173528
125351
119443
115908
249247
368813
249246
249245
104755
184774
104754
110877
104753
104752
110876
249244
186567
18088
186568
143916
249243
246634
33805
181501
11740
21004
104751
184775
36209
36208
184776
36207
110875
186570
104750
98847
249242
249241
110874
11739
21003
249239
110873
104749
181500
110872
104748
36203
104747
104746
104745
110871
104744
104743
186572
246630
186573
110870
104742
110869
246628
104741
8611
8610
98858
98859
184778
11736
143912
181499
110865
110864
110863
181498
143910
181497
181496
154413
181495
184780
181494
143911
110861
249236
184782
110860
249234
249233
181491
110859
181489
20999
11729
98861
184783
181488
181487
11726
173527
173526
172827
173525
181486
181485
21001
11734
35901
181483
36200
249227
246627
110857
110856
249225
110854
249224
249223
246625
11715
20992
20991
11718
11714
11717
11732
21000
33800
249221
249220
181482
110853
110852
20998
11728
20990
181481
11713
110851
11725
20997
20996
11723
11722
20995
20994
11721
11720
11712
11710
184788
115069
181480
212931
173524
33799
249218
249217
184791
8609
184792
237404
220645
8608
150780
8607
184793
181479
184794
249216
181478
249215
181477
110847
115902
173522
173521
242408
247753
246623
110844
249213
249212
197466
110843
115903
150776
181476
249211
249210
33795
186576
249209
20989
11708
120161
126940
33794
186577
184796
184797
173520
249208
173519
104739
104737
181475
104738
110842
104736
173517
249207
173516
249206
186578
110841
249205
11706
20987
104734
246622
104732
104731
110838
184798
120898
126941
246621
104730
249203
242407
249202
249200
249199
20985
11704
249198
110837
246620
181474
110836
249196
249195
33788
106241
106242
20982
11701
197461
115064
115900
11700
20981
277697
110835
104729
181473
249192
383977
186579
181472
249191
110834
181471
104728
53826
110833
104727
110832
104726
110831
110830
104725
104724
11703
20984
11697
125419
249189
186710
104722
115897
115062
104721
104720
110822
198274
199705
110821
246619
246618
98872
249186
115895
181469
249185
184804
184805
11696
20979
106243
110818
115894
115892
104714
249184
249182
110817
249183
115891
249181
104713
115890
184806
127221
115893
115061
173515
477
304924
104712
115889
115060
143891
249180
248597
183152
186580
143889
181468
242405
98875
98876
184807
110813
106244
181467
115887
115059
181466
246614
249179
20975
184808
11691
304927
184809
181465
248596
248595
106380
11688
20973
143887
11687
249177
115058
115884
102198
115883
115057
249175
249174
115882
8606
184810
11684
20970
36189
8605
246608
115877
181464
110810
246606
249173
184811
249172
11690
20974
110809
249171
249170
128507
120642
249168
110808
8604
249167
249166
249165
11683
20969
249164
249162
8603
249161
249159
11682
20968
8602
8601
480
11685
20971
120748
128623
36187
36185
36184
36183
36182
36181
35899
35898
36179
154409
81237
181462
20965
181461
11677
242403
98878
104711
240524
184812
249156
220587
249155
249154
249153
8599
249151
181459
181458
110806
181457
20966
11679
249149
110805
249148
36172
20962
11674
304942
181456
11678
8598
181455
110804
249147
104709
184814
110803
125352
119225
104707
246604
104705
186711
20963
11675
36169
35895
104704
104703
104702
110800
186712
120444
128031
184813
248594
104701
400530
181454
110799
197601
184816
98883
20898
9739
179267
181453
184817
249138
197456
199704
186529
110797
20961
184818
11673
11672
181452
115055
115868
184819
106245
11671
20960
197455
199703
11670
20959
150772
20958
11669
199702
197454
11665
110795
20954
192773
20956
11667
150771
304952
323689
121111
126900
104700
246602
246601
104699
395571
110793
181450
246600
106246
36165
249135
248590
104697
181449
249133
186713
181448
110790
104695
104694
8597
104693
20955
11666
8595
104692
186581
104691
115865
181445
181444
110789
181443
249130
110788
106247
20950
181442
11661
249128
20949
11660
110786
246597
110784
246595
35893
197452
150768
192774
11659
20947
11657
33785
249127
11658
20948
246592
197451
115053
277698
20945
11655
104690
126951
104689
184821
246590
98885
110780
98886
184822
98887
121106
126904
110779
184823
11654
110777
104686
104685
104684
246584
11653
110776
246582
104683
110775
11650
20944
11648
110769
20943
184827
249126
249124
181440
249122
8594
110766
249121
181439
181438
104682
186582
104680
181437
181436
246581
154402
104678
181435
246580
33784
300350
98889
246578
186688
154399
20939
11644
106248
110760
121110
126907
8593
110759
8592
110758
248589
183153
104676
184830
115052
181434
110757
184828
110755
181433
98575
135305
249119
249118
249117
181431
249116
249115
173511
110753
249113
184832
11639
249112
98892
249111
178870
249110
11638
20934
8590
249108
249107
11633
110744
110745
322920
304974
186583
20930
11631
333220
400528
186585
246569
237392
11632
20931
110743
110742
110741
181429
181428
197966
115860
184835
104674
11630
20929
11629
11628
20928
35889
181427
11627
20927
20925
11625
20924
20926
104672
11626
11624
104671
106249
104669
104670
126908
121107
121100
237390
237389
36158
249099
11620
20922
104668
20921
104667
11619
246564
104666
249098
104665
249096
246563
110740
304978
181426
186714
181425
11618
104664
249093
181424
104661
181423
249092
184837
184838
98896
106250
98897
110731
20919
11613
104660
8589
110732
110730
240495
186647
186648
110729
110727
11612
246562
110735
127853
119662
181422
249091
249090
246561
249089
184840
154395
20918
11611
249086
106251
104659
249084
110725
181421
110724
104658
104657
110723
181420
104656
35884
110733
127381
120051
36154
181419
36153
35883
36152
143840
150763
199833
35882
35881
192775
11609
20917
11608
181418
110722
110721
106252
368829
110720
173504
104655
104654
121108
126910
237384
181416
249083
249082
237383
249080
11606
192022
220592
11604
249079
181415
181414
197446
106253
20915
11602
110718
20914
11601
98900
20913
11600
181413
104653
184842
104652
249076
35879
249075
181412
197593
186715
184843
249074
184844
98902
249072
98905
154389
249071
181411
181410
104651
240482
184846
249069
249068
20912
11598
110717
249067
110716
246558
121109
126911
246557
11599
242383
104650
104649
98576
98907
104648
110715
34159
35877
181409
11597
8587
220162
106254
249065
242381
184849
181408
36140
104647
104646
181407
184852
8586
184853
8585
8584
181405
110710
181404
115048
110708
249064
98908
249062
249061
35874
277699
128508
120136
197444
8583
110709
104644
184856
104643
104642
242380
11594
104641
36135
197443
104640
104639
115044
115043
104637
237380
237379
181402
104636
368834
11595
110707
125287
249058
181401
184859
181400
184860
184861
104635
110703
173501
104634
20910
11591
237378
33770
104633
128624
119310
249057
197442
20909
11589
106256
110699
249056
11587
104632
184862
249055
104631
20907
104630
11586
184863
184864
110697
20906
249054
184865
11585
249053
11584
20905
184866
110696
110695
249052
11583
98912
128625
33768
173499
11582
20904
197589
106257
184867
184868
179266
249051
20903
11581
184869
173497
184870
128626
173496
36131
11580
110700
248410
11588
20908
106255
249050
110698
249047
33766
33765
246546
11579
184871
110687
249046
20902
20901
110686
11578
8582
98919
11577
120567
128627
110677
104627
104626
249045
104625
110673
249044
104623
20900
11576
110683
104622
110688
110682
110670
246543
110679
20899
173492
11575
98920
249043
110676
184872
104619
197441
110674
249042
150761
110672
249041
11574
249040
106258
197440
249039
110671
186588
248409
186589
249038
248408
104618
249037
184873
110666
98922
184874
11573
249036
246541
248586
104617
104616
119401
127723
220593
220594
11572
110668
249035
125353
120190
110667
110664
36129
104615
119400
125354
95475
249034
104614
249033
104613
249032
104612
199832
199831
199830
98923
248407
110663
110660
104610
368841
110657
11569
120042
126953
119874
126954
184876
95476
104609
181399
104608
184877
184878
181397
249030
184879
11567
249029
11566
8581
11565
110655
181395
181394
126956
127752
110654
173490
184880
184881
110652
106259
181393
135302
104607
11563
143833
143832
8579
11562
277700
110651
249024
181391
110650
106260
248406
104606
11561
104605
110649
197437
143827
104604
11559
20895
11558
249022
246539
247752
11556
104602
110646
248404
110645
104601
11555
184883
20893
110644
104600
11554
20892
249021
110643
104599
104598
181388
110641
249020
368844
181387
181386
104597
197436
98929
369437
8578
145095
184885
184889
184890
184891
181385
110635
186590
184893
181384
8577
20888
11549
186649
110633
110639
246537
246536
249017
249016
128782
119293
184894
249015
249014
184895
110631
249013
104596
11545
20885
249012
11544
104595
106261
11543
127737
110627
20890
11551
184897
110625
249010
104594
20884
11542
11541
20883
249009
110624
20882
11540
11539
20881
249008
11538
20880
249007
249006
104593
11552
20891
249005
104592
249004
20879
11537
150760
181383
184898
184900
20878
11536
368849
110620
8575
110619
154382
11534
20876
128751
104589
104588
181382
104585
181381
104584
104583
104582
249003
249002
184901
249001
104578
104577
249000
248999
104576
55633
184902
20874
11531
184903
248997
197430
186592
104573
248996
11529
104572
110609
120928
128628
110608
104571
181380
202790
242366
106262
110603
20877
11535
248995
248994
104570
104569
248993
110598
248992
98937
184904
104568
20873
11530
127753
368854
184905
368139
110599
127382
110592
154379
181379
181378
248989
181377
11525
186593
20870
110590
129664
248987
8574
305055
110583
237365
127833
199829
143795
20869
11524
143794
110588
248984
11523
20868
110587
199828
248983
143793
154378
181376
110586
143791
110585
110584
8573
242361
20867
11522
98940
184907
181375
181374
8572
8571
237363
20866
11521
104567
248982
369429
98577
248981
248980
11520
20865
184908
98943
110580
11519
181373
20864
186594
110581
181372
11518
20863
115837
11516
20862
119804
127249
115836
248979
110578
248978
248977
20860
248976
11514
127384
248975
11515
20861
248974
110577
184910
248973
248972
34158
98946
128752
110576
115832
115029
104566
110575
248971
110574
110573
110572
104565
248970
110571
110570
154374
154373
110568
110569
11513
248967
20859
11512
248966
110566
104564
104563
248964
143788
104562
184911
113279
104561
248962
120105
128783
150757
150756
150755
248959
248958
181370
104560
11511
104559
110564
106263
110563
98953
104558
110562
20858
248956
11510
11509
11508
20857
248955
202813
115831
248953
20856
11507
248952
11506
8570
11505
20855
8569
8568
8567
110560
20854
11504
98955
98957
98958
242355
98963
8566
181369
106264
173488
104557
154369
110557
110556
104556
106265
110555
104554
110554
104553
110552
20852
11502
110551
246520
197427
181368
186597
277701
400524
110548
110547
246518
34157
110546
8564
199827
197426
11501
199826
199825
197425
115027
246517
110545
104552
110544
104551
33756
110542
8562
11499
20850
143767
104549
104548
110553
104547
121055
128629
104545
104544
8561
8560
120622
128630
11498
106266
110534
127738
186599
104543
11495
20847
104542
173486
11496
20848
143765
173485
115026
104541
8559
246515
104540
104539
110535
104538
246511
237359
20845
11493
104537
98971
54830
246510
143763
242352
11492
110532
110531
143762
110530
110529
104535
104536
338391
8558
110527
74529
20844
11491
173483
150751
173481
54827
104532
104533
199824
199823
110524
110523
104531
11490
20843
128510
120109
110522
104530
106377
238051
110521
246502
104529
104528
110519
110526
104523
110516
20839
11484
98974
98976
98977
98979
11483
11482
98981
197773
143753
33748
369438
98985
104522
36122
36121
110512
104521
199822
150750
110509
33747
106267
110507
11480
20837
173479
110506
104520
110505
143738
110504
20836
11479
11478
20835
197424
173478
104519
173477
104518
143737
20834
11477
20838
11481
369460
110502
11474
143728
384027
126679
11469
20829
246501
186650
110499
110501
186651
154360
110500
8552
11468
106268
246497
35225
197963
20827
11465
20826
11464
198266
242344
197423
113282
11462
20824
35224
113284
242343
53821
173476
184915
126677
126674
135298
150747
173475
173473
110498
143708
184916
11460
20823
110496
120074
128033
384033
154352
197422
8550
8549
8548
110495
8547
143705
173469
143704
199821
246494
11454
33745
242338
98992
384035
198265
128753
120286
126671
35867
126669
119301
126668
119331
106269
113287
246491
11450
20815
95499
113289
11449
20814
199820
20813
11448
120507
128834
11446
20811
119539
127385
248950
20810
248949
11444
20809
11443
128631
120025
128109
34156
104517
104516
104515
104514
126665
181367
181366
104513
128512
104512
245104
110493
119704
125355
246488
11441
20807
95500
8545
246487
248946
110492
240403
110491
220595
110490
8544
120638
128513
126664
368141
17855
184920
248943
248942
110489
277702
11439
184921
248941
20806
20805
11438
104511
128676
119668
128677
120593
128632
181365
181364
246484
20804
11437
246482
110485
8543
246481
104510
8542
8541
110487
8540
104509
173467
173466
184918
110486
126663
120142
128836
20803
11436
104507
246480
119894
128110
11434
20801
184922
248939
220163
126660
143681
126658
119475
126656
11432
20799
119379
128633
197417
368871
246479
184923
8539
20798
11431
154351
248936
181362
110481
20797
11430
11429
20796
119499
127386
104506
8537
237350
11428
197414
113292
8536
8535
246477
11427
20795
237349
11433
20800
154348
181360
246476
184924
110478
104505
119859
127854
184925
11426
20794
128634
110476
184926
184927
104504
8534
110475
20793
11425
181359
181358
181357
127387
8533
197408
344190
361278
11424
20791
11422
197406
20789
11420
104503
181356
184928
110473
110472
104502
197405
246474
154342
181355
8532
110471
20788
11419
110470
104500
246473
246472
184930
104499
104498
184929
20787
11418
128635
119297
110468
126655
120790
128636
119703
181354
119692
126653
126652
181353
181352
110466
126651
120084
74535
197402
110465
184931
184932
126650
181351
11417
20786
181350
128637
119335
184933
119691
127388
104496
110464
104495
8530
240389
110463
184934
119929
127390
195586
246470
128638
119803
104493
368144
104492
104491
110462
184936
199701
199542
11421
20790
248403
199819
20785
11416
248932
184937
119891
128113
33740
33739
33737
33736
33732
33731
32302
237346
242329
338436
127391
120139
119269
128755
181349
181348
181347
35223
150746
181346
110461
110460
181345
36116
110456
110458
338438
179249
181344
104490
248402
104488
104489
246468
150745
240388
186652
110457
199818
104487
181343
181342
110455
104486
11410
104485
184938
128114
120023
184939
110454
106270
120148
127739
8529
110453
33725
181341
110452
104484
113294
110451
119481
126649
184940
104483
184941
181339
181338
181337
110450
115017
20780
11411
34155
20779
11409
104482
104481
184944
110449
104480
181336
110447
8528
110446
110445
126640
8527
8526
110443
127031
34221
35222
143657
110442
110433
143654
246465
181335
110441
181333
104478
8525
184947
104477
199817
104476
110440
110439
104475
104473
110436
110434
110435
113296
110432
110431
181332
110429
192600
128639
120586
110428
20777
11406
110427
110426
181331
113298
110425
11405
20776
104471
120817
126638
126637
126636
128115
120481
126634
119734
246464
35221
35220
35219
113300
143638
104469
11401
20774
104468
128514
36115
104467
104466
242324
181330
368877
181329
181328
248926
11400
11399
99014
99015
99016
11403
20775
11398
20773
110413
181327
181326
181325
181324
110415
128034
120788
8521
104465
99019
369440
115013
197397
237344
305140
8520
104464
8519
163488
277703
115012
113301
104463
106272
110410
184952
110407
110408
184953
104462
110406
181323
104461
11395
104459
237342
110402
184954
34220
110401
34219
104458
181322
181321
202859
120903
126961
181320
181319
181318
242323
104457
104456
104455
104454
104453
150744
305153
106274
104452
110398
110397
106275
106273
121174
126629
113304
126628
113305
8518
8517
199816
186602
113307
181317
113309
300405
184955
34153
104451
400520
184956
199815
199814
113310
184957
113312
110399
135289
128918
8516
305159
197393
197764
181316
248925
128919
99023
143627
128116
8515
34154
127740
128117
202867
242321
104449
110392
110391
104448
126962
119517
8514
110390
8513
110389
237329
106276
110387
184959
104447
181313
184960
110388
127250
120596
104445
11390
11389
184961
20768
11391
20769
74539
121001
128681
128756
8510
245103
104444
184962
104442
245102
181310
120426
127251
184965
34218
125290
128516
33716
33715
248922
11387
20767
248920
74540
120644
128515
126944
184966
181309
110380
181307
128118
126627
184967
126626
120425
143613
125434
8508
184968
104440
181305
181304
237327
11384
20764
110377
110376
110375
240348
186653
110374
143609
110373
276627
34152
184969
110371
106277
104437
8507
181303
110370
242315
104436
184970
128119
110368
110367
33707
184971
184972
184973
241779
113314
104434
34214
184974
110363
197391
104431
11381
20761
181302
240345
34217
197390
104430
184975
110358
143601
127252
120432
104429
181301
184976
110356
184977
110355
181299
184978
119700
181298
181297
34216
135285
34215
220166
20762
11382
128517
509
126623
126621
126620
126619
119501
126618
181295
110357
126617
135284
110351
143598
110350
110349
110348
126614
126613
184980
54823
11378
184981
110347
104428
110346
240338
184982
104425
104426
110344
34213
110343
143589
104424
110342
106278
110340
104423
36109
20758
11376
104422
110338
199813
110337
110336
143587
128120
110334
110333
173465
104420
104419
110332
181294
34212
320406
305204
127741
110330
20756
248917
11374
20755
11373
110329
242312
99036
126611
184984
20759
11377
135283
20757
11375
184985
128121
368884
181293
181292
202902
184986
104418
184987
184988
184989
104417
74547
202904
197384
11370
20752
113317
106279
277704
184990
115003
104416
110326
237316
104415
126609
181290
119755
126969
110324
184991
95517
197382
104413
126606
121114
126605
121117
128479
120380
126971
110322
113319
34209
126602
64
120413
126973
126974
120933
128122
11369
20751
197381
11368
20750
127437
120429
184993
110320
197380
8506
106280
110318
8505
8504
34208
199811
199812
34207
197379
115001
99041
197378
121154
128123
74548
99043
181289
104410
20749
173462
11367
150743
110313
104409
110312
242308
181288
242307
154316
184994
110311
128519
104408
104407
95529
104406
199810
110309
242306
126598
126597
126596
126595
120160
126594
126590
126588
135280
67
128521
128757
197376
202908
34206
181287
11362
20745
110300
110306
104405
184997
128865
104404
8503
110305
184998
8502
8501
36107
127253
120984
181286
110304
110303
8500
110302
104403
106281
199808
199807
199806
104402
110301
104401
104400
181285
33701
104399
184999
8497
220430
11360
20743
8496
34205
145262
248915
110299
110298
248914
248913
110297
110296
248912
248911
20742
11359
185001
248910
395307
395597
185000
110295
11358
185002
20741
220433
220434
220435
181284
104398
185004
181283
69
173455
128126
104397
110293
110294
121125
127032
104396
395306
395598
119558
127254
220436
126982
99046
110292
99047
104395
376708
104394
104393
11354
20738
20737
185006
11353
110291
70
11356
20740
110290
11351
20735
11350
126587
110288
110287
202912
126877
119901
126584
126585
120280
126583
120753
34203
34202
34201
181278
110286
110285
185008
104392
104391
110284
104390
110283
104389
11347
181277
20732
110282
181276
185009
104388
110281
240303
110280
186654
11346
20731
104387
11345
20730
104386
181275
110278
106282
127302
110277
11343
104385
185011
20728
20727
11342
104384
185012
11341
110276
20726
104383
20725
185013
11340
99049
120184
127255
33689
110275
20723
181274
11338
104382
104381
126578
20722
11337
185014
110274
126984
121024
104380
110273
110272
34200
104378
104379
185015
126985
120224
104377
104376
185016
104375
202919
20720
11335
110270
185017
11336
20721
110269
113321
135275
145090
110268
34204
145089
34199
135274
465
110271
110266
181273
181272
181271
126575
120035
126574
104373
104372
185020
185021
8495
181270
106283
181269
34198
185022
185023
368893
20716
110267
11331
181267
246448
110265
185024
34150
185025
110264
240300
104370
20715
11330
185026
181266
104369
126572
197370
185028
126570
395600
395304
185029
11334
20719
181265
11333
20718
150742
104368
110263
240294
110262
181264
181263
181262
110261
11328
20713
110260
20714
11329
20717
11332
119435
128129
185032
8494
99056
145374
110259
110258
195587
104367
154296
113323
114998
110255
11327
20712
195585
537
185034
110253
110252
20711
11326
104366
185036
110250
368895
199521
110248
119422
129686
110247
181261
104365
185038
181260
20710
11325
104364
110246
106284
538
248909
110245
248908
128132
20707
248907
11322
104363
181259
539
185039
110244
185040
185041
202929
197758
197364
110243
197363
20703
11318
185042
181258
277705
128133
242293
104362
128134
104361
181256
104360
185043
185044
8490
104359
8489
185045
104358
185046
126567
120121
104357
145260
368899
181255
104356
181253
11317
181252
185047
305264
322970
20701
11315
540
20705
11320
20704
11319
119306
128640
119162
126947
126990
126991
120600
154293
193923
120274
181251
181250
185052
104355
120222
126565
246441
185051
246440
11311
20697
53820
517
246439
246437
541
106285
129690
119973
150741
173448
368902
11313
246436
185049
20699
104354
181249
110239
104353
119769
128139
104352
181248
181247
110238
104351
248904
110237
248903
246435
104350
119775
127396
54817
120477
128522
74557
113324
34194
181246
104349
104348
181245
11310
20696
181244
181243
145088
181242
192601
197359
114997
128920
119543
126993
192543
34197
34196
240265
36097
110233
110234
33684
33683
20695
11308
128758
110232
20694
11307
181241
33681
250334
110236
173447
185059
113326
114996
145373
181239
150740
185060
34192
181238
181236
181237
246432
181235
181234
106286
246431
128143
8487
542
128921
185061
185062
8486
185063
128144
185065
128145
185066
185068
126994
8485
125291
120993
128922
120292
129691
181233
185069
181232
181231
181230
185070
8484
127256
120379
120331
128146
129665
120368
128147
119880
120384
128148
128149
119661
242289
242288
185074
181229
99068
126563
126562
126560
126559
150738
242287
125433
119161
181227
368915
181226
20690
173444
11303
145087
54816
181224
106375
185079
110223
181223
173438
150737
181222
181221
181220
181219
183040
110222
181218
185082
8483
8482
185083
181216
396469
128155
120301
126556
145372
185084
119588
129692
34149
199805
237294
396468
119699
126555
185085
185087
195589
195590
110219
150736
185088
11302
145085
181214
181213
240250
110218
150735
195591
185089
110217
113327
185090
110216
246427
8478
181212
181211
110214
185091
33678
181209
185092
11297
20685
20686
11298
396478
181208
110213
110212
173434
99073
104347
173433
104346
104345
104344
104343
99074
11295
20683
369441
376710
104342
110211
181206
8477
99075
106287
106288
154281
246426
104341
185093
110208
110207
110209
99076
369442
195588
181204
246425
104338
246424
99077
110206
246423
104336
185094
246422
220437
212855
104335
113329
246420
104334
104333
173431
128684
34191
20684
11296
36093
111480
120362
128159
20680
11291
11290
20679
126552
95541
199804
33672
119893
126550
110198
110204
110203
110202
104332
104331
181202
104330
126549
33667
110197
104329
154279
128160
120524
110196
110195
104328
220438
8476
220439
8475
113331
110194
145083
106289
173430
20675
11285
173429
33663
173428
34187
95542
20673
185097
11283
11289
20678
277706
128162
104327
104326
186511
99081
8474
181201
99082
110192
195592
181200
104325
128161
320419
173426
119656
127258
110191
185098
212852
173423
173422
34189
104324
127033
119979
104323
119316
127259
181199
11282
212850
128163
128164
212849
527
128165
104322
110190
8473
8472
185099
8471
8470
11280
110186
110185
128166
181197
20671
11279
181196
104321
220685
128167
121008
104320
104319
110182
104318
104317
104316
246415
8469
119576
129688
104315
11278
20670
110181
185102
246413
246412
185103
113333
246411
104314
104313
20669
11276
110180
181195
110189
110188
104312
246410
104311
104310
240228
114994
20668
11275
197354
181193
197353
181192
181191
95544
185100
128169
8468
185106
128523
120758
220686
128170
120665
128171
119587
104308
11272
20665
128172
110177
104307
99090
99091
110176
128173
119737
246407
104306
104305
110173
104304
104303
104302
181190
110171
104301
181189
247759
104299
110169
173417
185104
99092
246406
8467
128174
113335
8465
126545
110175
110174
110172
185107
185108
181188
110161
181187
11268
181186
74562
34186
197350
110168
110159
126879
120381
104298
11265
20659
104297
110164
110163
110162
104296
240222
11269
110167
20662
110166
110160
104295
110158
33662
104294
248902
248901
106290
99095
8464
8463
185110
110157
8462
185111
110156
185112
220140
110155
110154
320421
305320
128759
212845
154274
212844
212843
220142
104293
120452
127260
126544
220139
110151
99097
185113
110150
246397
376759
128177
220687
120912
11263
20657
195593
197347
181184
181183
195594
110146
220136
120365
128178
99098
20655
181182
11261
8459
8458
120389
128180
8457
368931
110147
220130
8455
8454
110144
154268
20651
11257
126539
120435
119448
126535
126534
120351
126533
126531
110140
181181
11256
181180
181179
186655
110138
186656
110137
185115
104292
104291
104290
185116
368933
181178
106291
8453
8452
246394
154266
181177
220128
128186
120428
20653
110143
11259
212956
185117
220123
220127
220126
220125
220124
128187
173415
104288
173413
185118
145256
106292
220122
181175
181174
110135
106293
11254
20649
11253
20648
185119
145371
128188
120735
126529
375921
106294
110133
126528
11252
104287
20647
128189
120534
150730
368937
220121
128190
185120
11251
11250
11249
20646
248899
8451
110128
220119
127303
34185
185124
110127
220688
119660
128191
128192
120599
128193
119542
220689
104283
127034
185126
220690
128194
110126
185127
110125
104282
104281
104280
110124
110123
181168
197344
114553
110122
110121
197753
197343
237283
11246
20643
110120
185128
181167
181166
396456
35862
185130
220113
128198
220112
220117
185131
181165
110118
185132
110117
240201
185133
181164
197342
220115
181163
104279
8447
104278
220109
33659
199803
199802
8446
20640
11242
143454
143453
110116
197341
110114
143451
104277
192602
192603
181161
8445
110115
125432
119522
126527
126526
119548
119410
126524
34148
120339
129693
126523
128199
143446
246387
120482
134181
110113
220108
110111
8443
110110
8442
119674
11236
20634
128200
45497
11233
199801
220106
220442
99104
110108
104276
104275
104274
20626
33658
11227
8441
220105
181158
120221
220691
128201
181157
106295
181156
128202
119191
114989
220099
104272
11234
20632
110103
104271
74569
220102
126522
119205
106296
110105
143436
110104
220692
119597
128203
128204
121013
368948
128205
126521
277707
220101
220100
128206
120759
119598
128207
181155
143424
11229
20628
128208
119743
248898
185137
248897
128209
220097
246384
8440
110102
119823
128210
246383
246382
104270
110101
104269
128211
120377
8439
104268
127222
220096
362561
110097
181154
246380
181153
181152
220095
135263
181151
104267
126520
126519
128212
119404
104266
11223
145368
11222
110096
20622
20621
11221
110095
20620
11220
185139
220092
126518
126516
119284
248896
185140
128213
20617
11217
126515
126514
110093
129694
120134
220089
110098
20623
11224
220443
242282
181150
11216
362559
110091
145602
119330
127304
128214
8437
396442
110088
220087
11218
20618
199800
126513
128215
181149
220085
110087
128216
120623
20616
11215
33657
120480
220084
128217
110086
36088
106297
11214
20615
20614
11213
120189
128687
376760
104263
106298
110085
119937
126510
126509
220079
120799
128218
104262
110084
20619
11219
104261
220078
105
128219
20608
11207
33650
126507
126506
119944
126505
119947
126504
74571
220444
8436
110081
197333
185142
95563
110080
104260
143408
110078
36087
104259
143407
104257
8434
185146
8435
143406
104255
110076
143405
36086
220071
104254
181147
181146
185147
185148
104253
104252
104251
120
376761
113336
128220
181145
104250
20603
11201
220070
220693
220069
128221
220694
119702
220695
396431
32238
173410
185151
181143
104249
8433
106299
8432
8431
8429
8430
173405
220064
68774
220062
126503
220058
128224
120913
220055
110071
110070
240162
110069
220057
186657
186658
185154
181141
368966
110067
181140
104248
99117
368967
104247
99118
181139
11194
20597
110066
173402
242277
181138
20596
11193
11192
20595
185155
113337
127903
20594
11191
113338
20593
11190
128225
128226
8428
181137
212840
20592
11189
212839
11187
20590
18133
181136
11186
20589
11185
20588
212838
128227
185158
11183
11182
11181
20586
110065
11180
20585
20584
11179
126494
104246
110064
104245
181133
36083
110063
104243
104242
110062
104241
110061
104240
104239
181132
110057
181131
110060
185161
68780
185162
110059
20582
11177
106300
110058
104238
212837
220698
220699
220052
104237
220700
99122
185164
104236
220051
146
104235
181130
20580
11175
11174
20579
181129
150724
8427
220050
220601
20578
11172
11171
11170
20577
185167
11168
20575
20573
11166
185169
95574
248895
185170
248894
185171
185172
248892
248893
185173
185175
185174
248891
181128
150723
185176
181127
248889
185177
220047
181125
185178
110056
240150
396422
143384
104234
181123
181122
199799
242275
135261
143382
104233
110053
95575
212834
212833
110052
212832
212831
212830
104232
104231
185179
181121
246364
185180
185181
8426
8425
185182
110050
181120
11162
181119
181117
181118
104230
212828
114983
220701
246363
220702
220703
220704
212826
212825
212824
110048
220046
220045
104229
11165
20572
104227
185184
110046
185185
369443
99123
11169
20576
104226
185186
145080
185187
20569
11161
212820
185188
185189
220705
104225
212818
212816
110045
199797
110044
8424
212815
212814
104224
104223
185190
185191
110043
8423
110040
185192
185193
110039
220448
20563
11154
110034
212813
181116
212812
185194
110038
110037
104222
20566
11157
104221
11153
106301
20562
181115
20564
11155
8421
185195
128228
120167
143369
128229
121085
181114
167
143367
113339
212811
220039
220038
11152
20561
220037
185198
143364
185199
220035
220034
220044
220033
220032
11151
11150
11149
20560
95578
33642
248888
185200
191782
181113
181112
110042
220029
110041
143362
185201
20559
110031
11148
128230
220028
54810
54809
110033
104220
110036
197326
110032
185203
110030
8420
110029
220027
197325
104219
199796
240133
199795
212805
185204
110027
185205
143356
104218
185206
220023
212804
145078
104217
220019
220018
185207
8419
185209
277708
220451
104216
181111
212800
199794
185210
181110
185212
185214
240130
110026
185215
185216
110025
8417
185217
185218
8416
185219
246360
104214
248886
212798
220024
220017
113340
11146
104213
20558
143351
185220
181109
220012
220706
185221
220707
220708
20557
11145
185222
185223
246358
185225
220015
212795
145601
220013
212794
220011
212793
181107
11143
181106
20556
181105
344193
362500
81225
20555
11142
212790
11141
248884
185230
220008
185229
248885
248883
185231
181104
128231
220022
185232
110022
199793
181103
199792
110021
199791
11139
20553
212787
104212
199790
212786
212785
212783
8414
8413
212781
242271
110020
110019
246357
246356
104211
104210
362558
110018
212779
212777
110017
362557
104209
240116
110016
110015
220005
110014
237265
110013
126490
220003
220002
220000
246354
212775
212774
212773
128763
219998
212772
219997
219996
212771
212770
197552
198258
126488
197322
219992
212769
104207
110012
240111
145252
185235
110011
212767
212765
143343
212764
181100
212763
185236
212762
219995
11140
20554
110010
110009
143341
219993
396411
185240
125431
119167
185241
185242
110007
212761
126484
185243
181098
126483
173399
212760
126481
8410
219990
110008
219989
34147
212759
212758
219988
219986
212757
8409
212756
212754
99132
11136
212753
212752
20551
11135
212751
11133
126480
126478
126477
219984
126476
119557
126475
185249
110004
219983
126474
126473
128232
219982
126472
219981
126471
181097
104206
104205
185250
104203
219979
197321
110002
104202
127743
104201
120909
8408
110001
240103
8407
110000
104200
145600
109999
8406
246353
197319
109998
8405
109997
34145
129697
212750
212749
212748
219978
109996
219977
128235
121086
104199
33639
237260
20550
104198
11131
114980
150720
8404
181096
185252
109995
219975
185253
219973
128236
128237
181095
106302
11132
219972
212747
219970
212746
212745
119619
128239
181094
185254
181093
185255
212743
128240
396406
185256
114979
197316
219980
104196
128241
212742
109993
185258
212741
104195
212739
212740
128242
212738
104194
246352
109990
104193
11129
248882
20548
20547
248881
11128
248880
106303
212736
208934
219968
11127
199789
109989
219966
185261
219965
185262
173397
104192
212733
173391
212732
145077
220726
220727
33621
11123
11124
20544
39007
129646
120772
129666
128688
219960
36077
20542
11121
199788
185266
8402
199787
109985
120943
128244
199786
181092
199785
109983
186659
219957
186660
104191
185267
11117
143320
104190
185268
181091
11120
20541
20540
11118
39008
219956
185269
185270
212730
181090
185271
181089
181088
8401
212728
20539
11116
212727
109981
54805
109980
242266
212726
212725
197314
219943
212724
212723
212722
36076
212720
219950
185273
20536
11112
219947
219946
219945
212719
212718
219944
181087
212717
219942
242264
202970
20534
11109
109977
248223
20533
11108
219937
219958
212716
212715
104188
109976
248222
8400
8399
104187
212713
246347
246346
104186
219929
219935
212711
212710
212707
212705
212704
212703
212699
8397
219931
212695
20538
11115
219948
154258
8396
154257
11106
11105
219925
219924
219923
185275
219919
181086
219916
219920
104185
219914
199784
219922
181085
106372
173387
185277
120987
128689
199783
185278
212694
212692
219909
106304
109974
185279
173384
185280
39011
173383
219915
11101
212691
219913
109973
173382
173381
219903
8394
109972
8393
8392
104183
104182
104181
246344
212690
109969
20527
11099
55356
219906
20530
11103
20528
11100
11102
219911
20529
277709
219904
185282
104179
219901
8391
109968
185283
8390
185284
109967
185285
8389
33615
181084
181083
212689
33614
109966
185287
109965
212688
181081
185288
127904
173379
154245
145076
104178
248878
181080
104177
246341
185289
212682
396390
143307
185290
104176
109963
104175
185291
181079
109962
219889
219888
219896
109964
104173
104172
219895
127742
109959
8388
185294
212680
219902
219893
212679
219892
181078
181077
219891
109958
181076
212678
212677
219890
212676
212675
212674
8386
212671
212670
220712
220709
220710
220711
220713
220714
220715
219886
154242
185295
378638
378637
74578
104171
104170
219884
173377
220716
174595
219880
219881
219879
197310
220717
220718
34184
174593
104169
185299
109956
20525
11097
54803
174591
104168
219883
109955
109954
109953
219869
104167
368985
219867
181074
181073
185300
109952
192604
219877
219876
181072
181071
219863
185301
219875
109951
173375
109950
174589
104166
54800
104165
174588
199782
199781
185302
212668
219872
212667
185303
181070
219868
212666
185305
109947
219864
185306
104162
219871
104161
109942
109943
109949
185304
104160
219854
20524
11096
219853
185307
109941
219861
20523
11095
181068
174587
54798
219857
219856
212665
109938
219855
20522
104159
11094
246338
212664
219837
104158
181067
219874
11093
20521
212663
219851
192519
128245
174584
174583
109935
219849
109934
185309
212661
109936
185308
181066
8385
8384
212660
219859
219845
219847
39013
174577
109931
219839
185312
185313
219834
128925
119754
145596
181065
104157
104156
154236
219840
119521
127834
128765
109930
369383
376795
219842
219843
219838
104154
185314
185315
109929
219835
219825
104153
104152
192605
202983
219833
219819
212659
120822
219830
212658
185316
219827
219826
212656
212655
119934
212654
128246
219824
212653
219823
185317
185318
8383
185319
104151
219811
129667
219810
8382
145594
128248
219809
119586
127906
219820
219818
219812
219817
109926
104150
109925
109924
8380
109923
219815
119207
128247
8378
8377
219813
150716
109921
219803
185320
185321
185322
185323
8376
219808
219802
109920
181061
396374
219806
219805
126468
246331
219799
34183
212650
219821
212646
212645
212644
212643
212642
212641
212640
219795
212639
128036
219788
219791
219790
219789
134182
119195
219785
219784
39018
212638
212637
212635
219786
212634
129596
219783
219782
109919
395279
192606
395625
109917
11089
20517
181060
219780
185334
185330
181059
20516
11088
181058
181057
8375
181056
54795
106305
106306
185337
185338
185339
8374
195595
8373
185341
8372
128037
109915
109914
240070
186661
240069
109913
185343
185345
197302
109916
185340
369384
376796
109910
185348
109909
181055
8370
185344
109912
8369
106307
20518
11090
219775
109908
109911
185347
145073
143287
185349
145072
219771
369386
376798
181054
219772
181052
181051
181050
181049
185351
185352
181046
181047
11086
20514
145071
396368
145591
106308
185353
185354
109904
143283
396367
185355
128251
106309
20510
11082
185358
109903
185359
181045
219770
11081
20509
185360
114976
185361
181044
181043
181042
185363
185362
219766
202993
219765
219768
111481
109902
181041
185364
11087
20515
237250
145364
185369
219764
185372
181040
219761
219760
219759
185373
370001
185375
54789
20507
11079
219757
104145
104144
104142
104141
197300
104140
185376
197578
185377
115806
181039
109897
109898
185374
185378
145474
145473
185379
145472
109896
145471
145469
145470
145468
145467
145466
145465
185383
145464
145463
143266
145462
246328
185384
109891
246327
109890
109889
143263
109895
185380
185382
109894
219751
181036
109887
104136
185386
106310
109886
109885
109884
185387
109883
109882
109881
106311
185388
109880
106312
106313
145590
143243
145362
174576
145361
109879
181033
181032
219746
219748
368999
181031
185390
109878
219747
181030
109877
219754
104135
20502
11074
109872
185391
219756
203000
99147
104134
104133
104132
109876
185389
109875
109873
181029
185393
145070
185395
128252
212633
212632
212631
212629
212627
362502
126461
185396
126459
185397
126457
109871
219737
126455
126882
219735
185401
104131
185402
109866
104130
104129
104128
109870
185398
185399
109869
104127
181025
109861
375923
109865
185403
145358
109860
109874
185408
114970
185409
8366
219734
104125
109858
104122
11071
185412
20499
