145069
109857
185410
145068
212625
212624
104121
219731
375924
212623
106314
106315
11070
54786
212621
277710
212620
185413
127083
396349
181024
20498
11069
20497
11068
185414
185416
185417
145067
150715
246323
145357
119569
219726
126452
212619
7831
212618
181022
185418
220719
396346
104120
20495
185419
109856
11066
185420
246322
109855
104119
11065
20494
145066
104118
104117
109854
11072
20500
199780
212617
109852
11063
20492
185422
20491
11062
181020
109851
11064
20493
11061
11060
185423
212616
128253
120110
212615
11058
219722
104116
54784
54783
219721
109850
128766
185428
219719
54782
185429
185430
8363
106316
143240
33610
120082
126451
126450
120643
219717
109853
219712
185432
185431
219711
185425
219710
212612
104115
104114
219716
212611
199779
127960
109849
128254
120576
185433
34143
212955
154231
185434
20488
11056
219703
109848
185435
109847
219707
185436
219706
212609
11055
248876
20487
197297
192607
212606
396340
248874
185438
212604
212603
212602
104113
212600
212598
212597
145460
104112
197295
104111
128767
212596
212595
212593
212592
219697
128255
219696
212590
212589
11057
20489
212588
219692
219691
145065
219689
154228
126448
125430
126447
126446
219688
126445
219687
242243
185441
128256
8361
219683
128257
121067
181019
11047
20481
181018
109845
145459
104110
185442
145247
20480
11046
109843
173371
109842
143231
219684
185443
109844
104109
212586
212585
104108
109840
212584
109839
181017
181016
185445
109838
219679
199484
212583
212582
212581
212580
197292
145587
143222
20478
11044
185447
185448
185449
219681
185452
362503
81222
219680
120945
127084
185453
127262
219678
127305
219675
109837
181015
20477
11043
109836
181014
109835
240019
104107
104106
143219
109834
128526
143217
143216
199778
99155
212578
104105
20476
109833
11042
212577
212575
185456
8360
212570
362504
212568
212566
219672
219671
219668
212565
192027
212562
212561
185457
185458
219666
219665
185459
212560
212559
219667
33603
145586
143212
185460
181013
109830
240015
109829
185461
128258
104104
109828
181012
109827
185462
240014
181011
109826
106317
219660
181009
109825
181008
181007
109824
212555
183154
212554
54781
109822
185463
145585
104103
185464
109823
212553
212552
104102
212550
212549
212548
212547
181006
212545
109821
143197
305497
320460
212543
185465
212542
219655
185466
199777
104101
199776
185467
191695
181005
109820
143192
212540
109819
219652
109818
219654
181002
362556
109817
185468
197289
185470
109814
109796
219656
246316
33595
181000
109815
104100
384301
361191
109813
180998
104099
185471
180997
212539
109812
109810
219651
104096
104095
109807
173368
173367
109806
104092
185476
104091
104090
185477
180996
11036
20470
143184
104089
212538
219650
180995
185478
109805
185479
11035
109803
20469
219648
109804
20467
11033
376801
185482
185487
109795
104088
185483
109800
143178
109799
20468
11034
246310
180994
106318
109798
185484
180993
106319
109797
185485
185486
104087
246308
185488
109794
11032
20466
185489
109793
246307
33590
8358
54778
8357
34784
143173
145458
219646
173365
109787
109786
185492
185494
173364
20465
55351
197288
11031
119434
128259
192520
109785
185495
143166
180992
145243
185499
109784
185497
219645
145583
173362
180991
104086
173359
185500
180990
109781
34783
109780
185503
109779
126440
119906
185504
185505
104085
180989
180988
179265
180987
185507
34782
180986
185508
185509
185510
104083
180985
185511
180984
185512
109775
104082
54776
219642
185513
104081
109776
185515
109772
104080
104079
143151
104078
104077
104076
104075
104074
109774
185514
109773
180983
104073
104072
109770
185517
104071
109768
185518
104070
185498
219639
185524
154215
109764
239996
109777
128260
109761
212537
109758
185528
185530
126439
119566
219635
115802
185527
128261
126438
109760
185525
109763
109759
8355
185526
109762
180982
126437
119877
126435
246300
219637
109757
180981
185529
219636
320467
246297
320468
126434
109756
246295
114637
305521
185533
185536
109754
185534
185535
120173
126433
185537
109753
246294
114959
185540
109752
109751
106320
219634
219633
180979
185539
185541
109750
219632
104068
185543
219631
33587
277711
192522
119463
127085
8353
8351
8352
248221
8350
33586
185548
109746
145457
185544
119240
127306
219624
192608
128642
120235
180978
109748
8349
109747
185545
104067
185546
104066
185547
145456
143130
104065
185549
219627
396319
197286
219626
212534
180977
180976
180975
109745
219625
104064
143128
109744
199775
199774
33585
34722
185553
219623
185551
121040
127907
219621
219619
126430
104063
104062
219615
185554
109742
219614
143121
145064
20460
11025
11024
33580
219611
185555
219610
36066
185557
185558
180974
180973
180972
128262
180971
180970
180969
104061
104060
219608
145454
104059
219601
199773
185559
55350
106321
180968
109738
180967
185560
180966
126429
185563
33578
145452
219605
119514
126428
246291
219603
104058
143115
185565
180965
109739
109734
109735
180964
396311
212533
104057
212532
109733
109732
119841
128263
185566
109731
212530
219596
384341
219597
109729
185567
185568
192609
396308
129001
180963
219594
145062
185569
219592
143108
199772
384344
180962
180961
219590
145063
212528
219589
120939
396305
126426
114958
197282
185570
185572
126425
121122
126423
109728
185575
185576
185577
36064
185583
126421
109726
104056
104055
185584
104054
104053
185586
197280
109724
109723
106322
219587
104051
248219
109721
185590
109719
119840
128265
128266
180959
128267
120734
185588
185589
185591
248872
185593
99162
104050
185595
212524
128268
219583
212523
109716
128269
128270
219581
104049
185585
145450
145582
109715
120187
126419
104048
180958
104047
185599
109713
219579
185600
219576
128271
104046
113342
128272
219575
109706
185602
128784
121126
369013
104044
128926
120050
180957
21486
109708
219573
109707
104043
219571
109703
219567
212518
212517
120311
219563
127856
99165
180956
180955
180954
173354
173353
20459
11023
180953
109702
173352
104042
180952
104041
185604
11022
20458
219565
212514
219561
220267
219559
219558
212512
219557
212511
145449
126417
126416
126415
120572
126413
119815
185608
33572
219555
11014
120070
128275
219552
396293
219554
143104
120860
128527
54768
109695
180950
109694
219549
109693
185609
246287
242230
185610
239962
109692
180949
99169
212510
212509
99170
120518
128276
212507
20453
11017
396289
104040
109691
185611
212506
143100
396288
68840
219551
219550
33570
239958
183155
109688
173349
104039
212505
11013
20450
185613
104038
11012
219548
20449
173348
212503
173347
104037
212502
219544
219543
109686
180948
212501
219542
219541
180947
173345
185615
173344
237213
173343
212500
239955
396286
246282
185616
180945
219530
219540
11007
20444
173340
237212
246279
36057
35855
219524
219535
246277
20446
104036
11009
20445
11008
185618
104035
212499
219533
219523
104034
180944
219532
219531
185619
109684
180943
219521
143094
145447
143092
171764
104033
219528
109682
237209
219527
212497
248218
11016
20452
109689
20443
11006
219547
34780
109687
219545
186519
186518
180942
185620
180941
20448
11011
33569
185621
185622
212495
185624
185625
173338
185626
219519
239952
109681
11001
20440
180940
185631
185632
143079
185633
185628
185629
239949
212492
180939
212491
212490
128927
212489
212487
11000
120040
212485
129597
219513
180937
10999
180938
20439
185636
10998
20438
180936
104032
219510
173336
212483
180935
185638
180934
219508
10997
20437
180933
173335
219507
396280
180932
180931
239946
180930
135254
219506
185648
143077
219505
219504
248216
219499
197276
212481
174570
212480
185642
173331
219502
54763
173329
248217
104031
174569
54761
185644
104030
185645
104029
173327
54760
219493
185649
109678
174567
219500
104028
109673
185650
185651
109677
219498
185652
109676
120039
219494
126409
128277
104027
104026
109675
219509
185653
109674
219496
126406
174560
219495
119417
126405
126404
109672
126403
120863
126401
212477
114659
212476
174563
180928
143069
174562
109671
143068
185655
104025
104024
212471
212470
219492
99178
185656
145446
174559
185659
128278
219491
35853
36053
174555
109667
219486
174566
185660
104023
109666
154195
185661
104022
104021
199770
104020
20434
104019
10993
199700
199467
106323
246270
99180
246269
219484
185662
212467
212466
185664
219482
143065
185665
212465
185666
212464
126398
219478
185667
126397
219480
197275
246267
248215
109662
185668
109661
99186
185669
185670
180927
180926
277712
104018
219468
109660
104017
219474
109659
219467
212462
212461
109658
104016
145579
128280
35215
145578
219470
174552
219469
378640
109657
185673
109656
109655
212460
219461
115345
145577
99189
180923
219463
104015
185678
109654
180921
120457
126395
248435
173326
369307
126393
126392
120527
126391
120526
109653
185679
126389
126388
119492
128281
126387
68862
126386
119491
126385
219460
109651
185680
143056
129598
119461
185681
104014
369039
185682
104013
104012
185683
180919
104011
109664
185686
109649
219454
109650
104010
180918
180917
180916
54754
180915
180914
109648
18219
109647
104008
104007
180913
219455
180912
104006
185689
248214
185690
180911
20421
9736
212459
10992
20433
143045
33564
106324
180910
180909
180908
212457
39041
212456
248393
219450
34182
246260
185692
104003
212455
219445
212453
212452
212451
212450
219448
180907
219446
180906
109640
219456
219444
68864
104001
104002
104000
103999
212448
114955
219442
212446
212440
185698
103998
103997
212439
212438
10989
20430
185700
109639
212437
120843
126383
185702
180905
109636
126382
126381
33553
180904
10988
20429
180903
219441
212436
212435
212434
33550
109634
35214
212433
212430
212429
219439
212428
126380
219437
197273
20428
10987
109629
103994
103993
109628
10985
103992
185704
20426
212427
246257
103991
103990
246256
212426
212422
242226
173324
212421
173323
212420
103989
219434
212419
219432
185705
212418
10986
20427
219427
75068
305574
219431
103988
185707
219430
143029
219417
109623
185706
103987
128769
219429
109622
185708
185709
126379
219426
34779
219424
219423
199769
219422
396265
10982
20423
219421
219420
199768
109621
95655
219419
219418
219416
396262
219415
33548
219414
219410
212414
219409
219408
219407
35213
212413
219406
128283
212412
20424
10983
129599
195596
109617
39045
109615
129602
195597
180901
35209
180899
35208
219399
180898
10978
185715
103986
246249
219396
367010
129600
109614
10977
106325
185723
109609
109613
185717
180896
185718
10976
109612
185719
121103
128286
185720
239915
109611
173322
129603
103985
109610
239913
185721
185722
145058
103984
145573
54750
109608
212409
220269
212408
145057
220270
145056
10973
219394
109607
219391
212404
35207
99196
199767
126377
109606
185724
239912
219388
119812
127263
109605
185725
212402
185727
212401
10972
180895
199766
396257
220271
173321
219380
195599
195600
145050
145572
10971
109604
219376
195601
103983
396256
197267
115337
180894
180893
212397
212396
212395
212393
185730
103982
212390
143008
173319
173318
212388
212387
212384
212383
219369
212382
212380
219367
219366
219359
185734
145571
219364
109602
145048
180890
109601
180889
219363
99198
10968
145570
180888
180887
180886
109599
103981
180885
10967
106326
219362
114948
246247
246246
185737
246245
246244
246243
154184
219357
396243
219356
10964
109597
185740
185739
180884
109596
219354
103979
10963
180883
34142
154183
185743
103978
109595
103977
68891
103976
185744
109594
185745
103975
103974
185747
103972
219355
219351
127264
173317
119932
173315
173314
174763
109590
109592
10961
173311
109591
185749
173310
369044
180882
192423
127908
121059
10965
39048
10959
180880
180879
396236
185751
219345
103971
192610
212378
109589
219348
219343
212377
126373
219347
128287
212376
120701
219341
173308
109588
10954
145045
126372
119409
239897
109587
109586
10953
199764
375930
10952
246239
120551
128071
109585
375931
109584
109582
180878
219344
219342
219340
219339
128288
219338
239896
185757
109581
219337
219335
277713
109580
109579
185759
10951
8347
8346
8345
109578
180876
154181
180875
109577
180874
109575
180873
185752
180871
180870
109571
185760
109576
10950
109574
185762
219333
119271
126371
109573
185763
109572
185764
109569
68896
103970
199763
126370
114693
185766
109567
219331
185765
109570
103968
185755
103967
145567
185767
180869
185756
103966
219325
180868
185770
248434
179264
219323
219326
212374
212373
212372
212371
212370
109561
142977
145566
185775
180866
185776
8344
219320
109560
219319
8343
219318
54747
8341
8342
109559
103965
179263
54744
180864
185778
8339
219317
246234
199762
103964
199761
219316
103963
33547
185779
35851
180860
185780
212369
185781
375932
180859
33545
180858
212367
219315
10949
212364
35204
212363
219314
114947
219312
35203
128289
219311
180857
35202
396216
35201
109556
119378
126368
219310
35200
109555
35199
212362
212361
219309
219308
219307
128290
109554
185782
128291
219306
185783
396212
212360
35198
219300
219305
219304
185785
68903
35197
212359
212358
219297
128292
120032
378641
378646
384412
384413
99210
384416
99214
333363
35196
197261
33543
199760
128293
33542
212357
212356
212355
35195
212354
99218
212353
126366
119413
128770
212352
109549
35193
10948
33536
212349
192432
212346
35192
212345
212343
212342
99219
219292
127438
212341
212340
33534
32299
109548
219293
33531
128928
119978
212339
219288
120893
128528
35191
212338
212337
33526
185787
109547
212336
127265
120291
219289
212333
219287
128295
33524
109546
212332
212331
212330
128296
119926
219284
219283
212329
212327
212326
128297
8338
212321
109542
8337
8335
126365
142974
142973
154175
212320
212319
106371
198254
145565
199759
103962
185789
103961
103960
103958
103956
103957
126364
320483
305610
219269
10946
109539
219277
128298
128299
219278
246233
109538
99221
219274
145441
128300
219275
219279
186662
109537
8334
219276
128301
219273
219264
109536
219261
119212
126362
219272
212318
128302
212317
106327
106328
212316
326880
219271
212315
219270
128303
106329
114943
219268
128304
212314
109535
114942
212312
99222
219266
119519
129689
219255
74589
54741
54740
8333
109534
33518
219259
219258
109532
186663
219250
115798
99225
99226
99227
145041
326882
212311
219260
212310
120886
128866
109529
219253
103953
212307
212306
219254
99229
126361
126360
126359
119395
126358
219252
219251
396179
219249
212305
212304
212303
212302
212301
103951
185790
109528
212300
103950
219244
219248
127087
120178
128038
120249
212298
109527
185791
109526
8332
121181
128785
212296
219245
128786
121158
212295
219243
109521
103949
103948
128072
185793
109523
109520
326888
246230
246229
109519
10941
396173
10940
99231
99232
212954
109518
173307
35190
219241
212293
109511
109514
185796
212292
212291
212953
212290
109516
185795
212289
10939
396167
54738
120680
126357
115329
109515
185794
109513
208933
212288
212287
109512
55637
219239
212286
120103
126356
212285
212284
142936
55342
142934
109508
54736
142930
103945
109506
109510
185797
109505
185798
109503
109509
239886
109502
103944
219237
103943
212281
109501
109500
103942
212277
219236
109498
185801
103941
109497
103940
142924
212276
212275
120515
128529
219235
212273
185800
109499
212272
219234
54735
54734
109496
219233
396160
219232
192030
219230
212271
212270
103939
185802
212269
212268
109495
109493
99238
35189
185803
35188
35187
103938
35186
103937
109492
109491
197256
103935
219229
99239
145039
103933
35185
120234
127909
219226
192631
185804
109487
219225
103932
185808
219224
109484
109483
109482
185805
109486
219223
173305
109485
185807
219222
212266
212265
277714
109481
35183
220729
219221
109480
173303
10937
99241
109479
109478
239884
109477
33509
103931
120580
128530
219220
173302
120345
212264
128308
219219
212262
126350
103930
115324
150702
115323
109475
103928
109488
219217
103927
246222
185809
128531
219218
120664
185810
212259
212258
212257
212256
10936
247556
109472
109471
128787
128788
145037
55341
109469
212255
369066
212253
219215
212252
219213
103926
109466
333373
212251
239881
109464
142901
212250
103923
369068
109463
333375
212249
10935
185812
103922
10934
103921
109460
185813
219211
109462
142900
212247
114939
103920
103919
35182
109459
109458
128309
212243
109457
128789
103918
212240
150701
10931
185814
35181
220730
220605
185811
10930
219209
212238
219208
212237
212236
219207
219206
237176
246217
145563
212235
197251
109453
305659
109454
185815
219201
246216
109452
199758
10929
219205
128790
119241
219204
128828
173298
173296
173295
212230
185819
173294
145232
247819
239871
10928
212229
109448
10933
99242
173292
99243
219200
212228
212226
212225
192611
128876
34141
119638
127266
109445
197723
10926
103916
103915
103914
197249
145033
10925
10924
173290
173289
219193
246215
246214
10923
247820
109442
239869
185822
396121
219191
99246
248213
219192
103912
212223
109443
185821
212222
103910
248212
219190
247553
103909
242203
248211
34778
126347
103908
212219
103907
247552
212218
247551
142881
212217
142880
212216
242202
114935
109434
142879
74592
219180
109432
212213
109431
219183
99247
109444
126344
219182
10922
212208
212207
212205
197247
219176
219175
109430
128929
145030
173284
128312
120640
109429
219179
212204
35847
128791
109435
103906
103905
212203
212202
212201
212200
109426
109425
120111
128313
212199
173282
127267
109421
109422
185826
33506
33504
33502
106330
114933
154163
183156
10919
109417
142863
114708
197243
126343
126342
120135
219170
126341
106331
109415
126340
119936
103904
126339
126337
185828
120561
126338
120901
126336
126335
127223
126334
109414
119684
212197
109413
126333
126332
126331
120343
126330
126329
126328
103903
126327
103901
126326
180856
142859
34777
10917
109412
109411
103899
185829
103898
103897
180855
109410
199757
180854
173280
10920
185830
109409
185832
185831
109408
219166
185835
185834
185836
185838
185837
185840
185841
185839
128314
120677
219165
109407
109406
103896
173278
103895
185844
36033
36032
103894
109404
103893
129676
145229
212195
219155
212194
109403
103892
180853
109402
185847
103891
103890
180851
180852
219162
180850
180849
145559
185848
239861
109400
34719
185849
145228
129677
119342
109401
114931
219157
103889
185850
103888
180848
219152
219151
103886
129698
34140
99253
219158
173276
121180
128792
121120
128793
120086
212192
219153
109418
126323
126320
119626
127911
119579
126318
126317
126316
185851
127910
33497
127089
248400
120078
109397
180847
180846
219145
219147
219146
103885
33496
33495
8331
8330
109395
109394
8329
33493
35176
219144
103884
333391
333394
32297
212189
212952
10911
109398
109391
103883
10910
376729
219141
199756
199755
106332
34776
33489
120511
125423
10909
106333
8328
333395
109387
192612
10908
10907
103881
103880
103879
154160
99254
81214
106334
109386
109385
109384
103878
109382
10905
185855
8327
35175
219139
8326
103875
109381
10904
109380
109379
109378
109377
396080
109396
103874
219142
333397
103873
109375
109374
103872
10912
103871
10902
185856
120812
10901
109372
109392
109371
219140
128795
185858
109390
185859
99257
103870
185857
109370
109369
185860
127912
119346
10900
109368
173275
10906
35172
126315
109376
219132
219134
119655
126819
103869
103867
219135
180845
185862
180844
109364
185861
109366
8324
180843
185863
219133
54723
219129
99259
185864
219127
54721
109362
219126
219125
109361
129668
219123
10897
103866
109360
219117
120699
212186
212184
185866
212183
126311
35166
219116
129605
103865
126310
126309
212182
185867
109359
219124
103863
212181
103862
103861
103860
396063
180842
109358
109357
109356
103859
277715
35170
219120
185870
106335
8323
219119
10893
10894
109355
109354
33484
128315
8322
220274
35169
219118
33483
219121
128316
120837
109353
103858
109351
128796
35168
212179
212178
103857
185868
369086
212177
10896
369093
103854
103853
126308
219113
180841
10888
103852
185873
35165
109347
103851
185874
126820
185875
36020
212174
212172
109345
212171
103849
180839
103844
237168
8320
103843
185877
103842
185878
109343
185876
237167
109340
10887
109339
109338
10886
369108
99261
242192
369444
75064
396055
145434
145433
10884
120538
128693
154149
212170
109336
114924
185879
103841
10885
109335
185880
212168
99262
369445
99263
126307
119252
128074
103839
10883
142835
145028
173273
142832
128075
212167
219100
35164
8318
8319
212165
120737
129606
109334
185881
171763
109333
212164
128797
103838
173271
212162
129678
212159
326891
219094
74600
129670
74601
74602
99268
103837
8317
180838
109330
109329
219091
103836
8316
126305
126304
109328
8315
126303
212157
173270
180837
109327
212156
212155
219093
212154
173269
109326
173268
219085
219096
333408
103835
128318
10880
212152
173267
180836
144148
180835
109325
103834
185882
212150
173265
109322
219090
173264
180834
185883
185884
180833
219083
121017
128827
219087
219088
212148
144147
144146
119219
219084
128532
220275
172562
99270
333410
219081
212146
212145
109320
212143
212142
219080
103833
212141
103832
109321
103831
10876
103830
185885
8314
219074
185886
103829
219082
10875
219073
119546
128319
35162
212140
173263
99271
219078
185887
212138
219071
219070
326860
109318
103828
219076
128798
212136
185888
10874
212135
219072
173262
173260
212951
212134
128930
109317
219065
219059
95718
126301
242187
126300
180832
180831
33480
10869
180830
180829
219058
185889
219057
180828
10870
180827
126821
99272
237164
99273
180826
126822
142799
246201
99274
154147
8309
172561
103826
103825
103824
239840
109312
103823
185890
369978
172560
109310
239839
109307
186664
185892
396045
326901
199754
109305
109304
103822
109303
109302
126299
119291
219054
109301
326900
109300
173258
33478
33477
173256
109299
185895
10867
185896
220731
103821
106336
109314
120896
173253
128320
219052
219051
145431
109298
185898
239832
10865
173251
109311
145430
172559
109297
180824
219050
103820
128799
121176
128800
121115
10868
74603
33475
172514
180822
219043
142782
180821
10864
145555
142781
183158
173250
185902
10863
212950
219038
212133
212132
246194
239827
185904
333412
246193
219042
109292
33473
103819
212130
163000
103818
237157
219041
34774
162998
219030
208932
180820
109289
180819
103814
54711
109288
54710
220276
99278
212125
219036
109287
242184
114727
219026
219035
212124
103813
154145
180818
219025
237156
129607
33471
219029
109286
185905
142771
144145
212119
144143
248865
185907
103811
103810
185908
109283
10859
106337
103809
185909
109282
247543
109284
109281
185906
109276
109277
103808
212117
212116
103806
10858
219023
10857
8303
8304
219016
109275
36008
212114
212115
109274
180817
109273
103804
95728
33470
219022
33469
219021
172513
212111
10856
125427
185911
219018
10854
212109
129608
120320
212108
185913
126298
119172
10849
185914
109269
180814
180813
35300
185915
103803
180812
10848
180811
109268
173246
109267
185916
103802
10850
109272
145429
129699
33468
173245
10846
103801
10853
145428
219009
35160
126296
145427
219007
109271
173244
103800
145426
145425
239814
109261
180810
10844
109259
180809
109257
8302
180808
185919
185918
109262
8301
185920
109256
212106
180807
212105
180806
212104
212103
212102
219006
212101
212100
103796
277716
180805
103793
8300
109251
109250
8299
109249
8298
180804
128694
180803
219002
55335
173243
10842
36004
35159
8297
246186
218999
126824
120579
145424
103792
8296
109244
103791
109243
8295
109245
198241
103790
10841
218997
35158
109242
103789
180802
180801
109240
8293
109238
109237
103787
218998
199753
106338
103786
109236
218996
185926
218992
218993
218991
109234
185928
212097
212096
103785
74607
212095
103784
212094
180800
103783
212093
33466
35157
218986
103782
218983
33465
74609
218985
8292
8291
109227
54705
54704
185931
8290
8289
109226
109231
185929
8288
103781
8287
103780
218977
247540
218976
242177
212092
218989
212091
218988
109228
185930
103779
109224
109223
103778
120461
218987
126825
109220
8286
109218
109216
212090
18218
218975
203095
191764
120662
126826
218984
218982
127090
120472
239807
109215
8285
103777
103776
103775
218978
218979
375936
106339
103773
185934
106340
239805
109213
199416
185935
185936
109212
145552
8284
103772
218974
103771
218968
218972
180798
180797
185938
34768
218967
185939
145551
54702
185940
185941
185942
185943
173242
218961
173241
173240
185944
10840
109229
103768
212086
180796
185945
103767
185946
180795
218963
99279
103766
218957
218959
120848
180794
180793
10839
54698
212085
396012
109208
173239
212084
173236
174548
109207
185947
8283
218949
218948
218955
218954
218953
218952
218950
218942
125263
212083
212082
145422
127914
218937
145421
126294
128321
180792
250369
396010
103765
103764
197227
197718
109203
109202
261003
128775
180789
106341
128324
218928
119489
109201
120245
103763
333426
103762
128695
109199
109198
128322
120647
218935
218934
218933
109197
218932
103761
185949
212081
128696
10835
154141
128323
218931
119345
180788
109196
218930
35156
109194
218926
119508
128325
129681
128697
75061
326918
129682
35997
185950
109195
185951
109193
109192
185952
109191
185953
246169
109190
109189
109188
185956
109187
242753
199752
127799
120198
199751
218923
103759
127797
120780
127798
119728
10833
180786
369115
127796
120027
218920
35155
128326
120884
154543
103758
119357
127795
120925
126293
218917
109185
185957
185959
99281
242754
191783
218915
218914
192031
120196
127794
180783
103757
218921
128327
218913
128801
109183
180782
10836
185954
10834
99282
99284
99288
99289
218910
99290
212079
212077
218909
33460
129700
33459
33455
218903
145419
218906
142688
128938
126290
185964
128328
18217
109177
109176
180779
185965
218899
218901
247537
18216
109175
109174
109180
103756
199750
173235
239795
109172
180777
199749
109171
180776
18215
180775
333431
186665
239793
170802
185967
109173
185968
218902
248862
8277
120682
127793
109179
8276
199748
185969
109178
35831
54693
199747
54690
218896
54689
33447
218895
237142
369446
99291
99293
126289
173234
54687
185970
247535
109167
103753
218882
173232
54686
54685
103752
218893
33446
8275
218890
120559
128330
109165
54683
109164
103751
103750
119526
126288
218889
242172
119229
126287
8274
218883
246161
109162
142678
119883
127915
109160
103747
103746
109159
218880
103745
103744
246159
145550
119160
125426
10831
128802
121183
185971
121123
128803
39061
203118
126286
126285
126284
127916
395995
119740
126283
218877
154135
180773
142675
103743
18214
109155
126282
103742
109153
218861
242171
218875
103741
8272
180772
246156
10829
180771
218874
218873
109151
8271
103740
185975
180770
8270
54679
8269
218872
109158
218863
180768
8268
54678
109149
218870
109148
199746
212075
35829
246154
145549
246152
218869
218868
218867
180766
109147
180765
103739
109146
218865
218864
185979
109145
99296
185980
261001
120500
127268
120289
212074
180763
378647
109143
103737
218859
218858
109142
191763
246149
142658
218855
237138
212073
109141
180761
103736
109150
103734
212072
395983
128804
103733
218856
103732
212071
378649
128875
153887
103728
103727
113348
103726
180759
109135
18213
10823
10826
109134
180757
128331
119603
218845
239775
10822
185986
109133
145220
326935
109131
237136
109130
128534
95746
242763
199745
10821
218852
119718
128535
333437
333438
245101
199744
218850
218849
106344
55328
199743
18212
109128
8266
120855
128536
212070
218830
54675
218828
277717
218839
218838
212069
218837
128333
218824
35151
218836
218835
218834
218833
128332
218820
218819
199742
218815
103724
185987
218814
247529
103723
106346
218829
218832
103722
212068
218811
192032
218827
212067
173228
103721
378651
218809
145548
180753
109127
218822
185990
212065
218821
126278
212064
119163
125425
246140
128334
246139
126276
120106
3751
218817
109126
218816
109124
218813
109123
103720
103719
109122
103718
103717
109121
212059
218801
218800
218799
218808
218806
109119
180751
128537
218803
119835
103716
212058
395974
212057
103715
212055
103714
55326
128335
128336
145413
185992
218791
109118
10816
180750
109113
109117
218793
109112
126272
126271
109111
197214
247525
126270
109110
218790
246138
126269
103711
99301
126268
128337
99302
180749
109108
333441
333442
326939
247521
247520
333444
248857
305838
305839
114912
109107
109106
106347
109104
109105
180748
239758
395968
35150
10813
198235
103710
218787
218789
218788
115591
218785
103708
10811
103707
218784
18211
109100
218783
129609
103706
305851
320360
103705
109099
103703
218786
247516
10810
109096
180747
185995
180746
10814
218779
10808
103702
103701
35149
218782
8264
8262
8263
180745
109094
180744
18210
180743
8261
218772
218769
10807
378653
109093
395960
218781
218780
145219
247685
10806
180742
218778
218777
8260
8259
218776
218775
191863
218773
218767
120183
128643
109087
10805
126266
109086
18209
197212
218761
115592
378654
218765
99307
99308
218764
128538
120317
103700
180741
180740
103698
74618
109084
218758
199741
199699
199405
218763
109083
218756
8258
8257
109082
246134
109088
109081
218755
239747
128338
218760
119824
239746
126265
120937
126264
120936
120935
126263
109080
10804
145218
247684
218757
74619
10803
18208
109078
212050
191864
218754
212049
180737
109077
10802
173225
173224
128539
119363
248440
185998
212048
248350
247510
212047
242162
103697
212045
248855
212044
248854
247509
248349
109089
180736
142604
248347
247508
247507
180735
180734
180733
246131
103696
173221
242773
212043
220732
109076
119834
127792
218751
103695
103694
128805
212042
212041
103693
103692
212040
103691
109075
180731
103690
212039
8256
173213
10801
10799
320537
248853
186000
212036
212033
212032
212031
212030
212029
128698
127835
145409
33436
119646
126261
218747
120604
126260
126259
119820
395952
10795
218746
218743
171753
34138
145547
186003
109072
109071
186004
127791
121012
186010
109070
218745
120942
109069
191762
103686
186007
186008
186009
186011
212028
109068
128776
323763
305866
35147
109067
103684
212026
218738
109066
109065
186013
109064
186014
109063
218735
103683
103682
218734
212025
173211
218729
142587
218741
212024
103681
212023
212022
128076
218725
212020
218742
186016
305881
212019
212018
218740
247506
248344
186017
180729
218736
120475
128339
212017
10794
126257
218733
106348
103680
218737
173210
218730
173208
338845
248057
212015
180728
218722
218727
212014
218726
103679
237123
218715
109060
180727
109059
180726
18207
218712
218713
218711
218710
115593
103678
212013
186018
218723
212012
218721
212011
218708
218720
218707
218719
212010
218717
237122
242159
212009
103677
237121
212006
120787
128699
218716
369129
109058
186020
109057
186021
237119
212005
395941
174542
186001
10796
145015
152759
378659
247748
128340
174536
109055
247503
248342
218700
10792
218699
121084
129610
218701
126255
247501
109054
174533
55324
395938
109053
109052
199740
174539
174537
218698
174538
126254
120919
220735
103676
186028
126252
126251
212004
212002
109049
237118
103675
218693
212000
211999
10791
186025
109048
186029
10787
103674
126250
218696
126249
211997
186030
218692
186026
8251
109046
211995
218689
218694
186031
18206
211992
237117
218676
218679
218678
211990
35143
10786
35144
211989
8250
218683
218682
247500
248340
103673
126245
218681
218680
103672
109044
109043
218671
103671
333461
103670
109040
10785
10784
109039
10783
109038
109037
109036
248852
211988
109035
103667
103665
103666
103664
186033
103662
186034
106349
109033
145546
218665
35142
211985
103661
211984
173204
109032
326983
218672
218664
237114
218663
129612
120308
103660
109031
218670
99319
39068
129611
10782
109029
218669
395935
128806
218668
173202
218667
218658
237113
171754
218666
128911
211981
218656
35141
211980
211979
211978
173201
211977
186024
10793
35140
218655
239710
218660
34181
218649
34180
218651
218648
109024
180721
239707
109023
186038
173200
103657
126242
119879
126241
120858
109022
106350
103656
109021
103655
103654
121032
128540
125342
121049
109020
128541
121006
103653
180720
109019
103652
35139
218647
218637
218635
199739
199738
211973
109018
211972
211971
103651
186039
218634
109017
103650
218644
35974
211970
128543
242157
237111
120257
218632
186041
129613
186042
126239
120529
128542
188097
218638
135250
395931
218636
211968
99321
135249
277718
173199
186044
127785
127706
119781
109014
186043
395928
186045
109013
220277
218624
326993
261357
237110
218621
247496
119637
126827
129614
119337
211966
129616
218627
172512
33428
218616
218618
173196
186046
90032
326992
211965
129615
218625
106351
218613
218612
218623
128544
180716
120128
218622
186047
103649
128807
395926
173195
180714
218639
211963
103648
237109
211961
121088
129617
218611
109011
10777
218640
186051
186055
186056
90033
18205
109004
142571
109003
109002
109005
186058
109001
197192
119654
126828
103646
186048
180713
10774
237108
142568
183090
109000
248848
186061
247494
145544
247493
186049
199737
33424
242796
199736
186064
103645
33423
186067
103642
173194
211959
126237
126236
126235
108998
186069
218601
211957
211956
173191
186072
126234
218604
126232
120512
186073
108995
103641
211952
211950
211947
211946
108993
108994
186074
103640
145348
218600
218598
211942
145408
180711
246122
108991
127705
250375
234043
395915
128077
103639
39069
108990
103638
103637
211938
211937
186052
108987
211936
211935
218595
218591
119176
128078
211933
211931
211930
108989
103636
211929
180709
103635
211928
108988
250714
395914
174529
10770
174525
103634
186077
186078
186071
218589
35138
10771
8247
10769
180708
395912
174524
8245
186080
218588
186053
186054
99326
174520
211924
211923
174518
218585
152755
145543
108979
174516
218582
174517
126231
99327
108980
180705
103632
103631
180704
119629
128545
250722
186086
103630
103629
108978
126230
186087
186088
108977
211921
120293
128079
106352
218581
186083
305937
108972
186084
395907
114900
199734
242803
108976
218579
218578
103628
108974
174512
108973
211919
108967
103627
145406
108971
10766
108970
108969
8244
108968
10764
211918
247490
211912
186093
242809
188096
10763
211911
120259
129618
99332
126228
126227
121007
121033
10761
305941
103626
108966
174506
261356
186094
305944
323766
103625
108965
246113
173189
239678
108964
103624
248151
121160
218575
128546
8242
108963
218574
218573
218564
90055
103622
247489
142533
218571
145215
128547
120971
8241
128548
120970
10759
174498
128549
218569
120972
218568
218567
186096
247488
8240
218561
218560
128342
8238
8237
142532
186099
8235
8234
186091
186100
186101
128700
10758
128808
395902
218562
211906
220278
211905
33418
174496
120255
125357
126226
126225
126224
126223
99334
99337
174495
220610
126221
220736
119778
126220
378662
180698
180699
35137
103621
108957
99338
103619
180697
103618
126218
119683
126217
103617
145404
99339
180696
180695
108958
10756
186106
114896
103616
211904
186626
186666
170837
168416
211903
186108
103615
211902
378664
248846
120929
128343
199732
242817
120861
128550
395895
10754
103614
180694
120865
128551
218554
35136
108959
218553
186110
218552
99343
239669
250741
174485
180692
186113
211900
218550
211898
211897
218549
126829
119670
103613
218548
103612
103611
154114
128939
120200
242823
106353
106354
108953
115596
103610
145008
108952
218542
103609
186114
103608
145007
18204
108948
10752
55319
35970
174484
174481
55316
8229
103606
246107
108944
55318
180691
103604
174480
10751
108951
8226
108943
55317
250743
199731
199730
246105
333478
188095
242825
246102
145006
246103
103603
103602
250745
128080
119921
10750
108942
174478
103601
145005
8224
220611
108941
344168
239664
10749
145003
103600
218539
395890
174476
128940
154112
152751
186123
103599
218534
186124
186125
108937
186126
54654
103598
108936
180686
18203
186130
108934
120645
128081
108933
106355
103596
180685
108931
119892
103594
128552
220738
54653
300104
106356
103593
145002
108930
108928
108929
103592
103591
103590
127702
211895
18202
103589
108924
103587
211894
211892
395888
103586
218533
376499
400481
218532
108921
218531
108922
211891
186136
186137
186138
211890
186139
211888
180683
199729
180682
108920
174470
128082
250751
120660
108919
108918
10745
174469
218529
218528
103584
186141
115598
103583
145402
54649
54648
250752
218521
218525
108916
218520
108915
103582
103581
180681
103580
33414
103579
103578
10743
186146
108913
186147
103577
108912
129619
247480
119201
103575
35135
103574
246099
103572
108911
103570
35134
103569
174465
103568
250756
103566
128941
119608
174463
395883
174466
246097
191865
250757
174464
191761
180680
174462
186149
180679
218518
144997
218526
218524
10742
108907
106358
10739
103565
103564
103563
108905
10738
211886
192471
242835
188094
128344
211885
33411
211883
103562
108899
218509
10737
103560
211880
108898
174460
108901
108900
126830
119476
211878
127094
121080
250766
35133
211877
242838
199728
211875
103559
218507
186152
103558
186153
369754
211874
186154
218503
10736
108897
211873
108896
10735
180677
10733
186158
8222
108895
218508
180676
180675
369157
128702
119193
99354
186161
10740
277719
103557
186162
180672
180671
103556
218498
333493
10732
218497
106357
192498
120857
10731
218506
218505
197176
218504
114890
197175
180670
218500
211872
197706
218488
218502
218491
108891
218496
211870
108890
186173
10729
218494
103552
218493
103551
108889
106359
103550
186174
211868
103549
211866
218489
199392
199698
186175
103548
128942
395865
174454
108885
218481
126215
144994
211865
211864
211863
211861
10727
152741
126213
218480
119931
126210
126209
218478
180669
180668
108880
218476
218475
218474
186183
108878
108877
247477
180667
103547
103546
103545
10728
218470
108879
186182
35964
218468
186185
103541
369764
108876
237086
376019
218463
108875
218473
115599
120689
126946
384821
162853
174451
248843
186189
186190
248842
108874
218460
248841
248840
186193
180661
218458
248839
186194
250778
249954
211859
142457
142456
108873
108872
108871
108869
218471
218469
180660
211858
218467
211857
197173
218462
180659
218461
211856
103538
199727
218465
108868
211855
180657
108867
103537
180656
211854
199726
247474
10726
103536
108865
174448
99359
103535
186195
186196
10725
249952
108864
249951
54639
186198
10724
103534
218450
211852
186197
108866
218447
186201
218456
54637
242848
199725
115601
242849
186200
103532
103531
395852
174447
247472
103530
246085
180655
103529
180654
211850
211849
218442
242853
126208
395851
180653
144990
211846
194296
126206
126205
126203
211844
180651
180649
180650
218443
211842
218437
211841
186180
218439
197169
115603
180647
197168
115604
103528
186212
103527
180646
103526
103525
106360
108859
250791
103524
218429
218428
55311
103523
55310
199724
199723
90131
327042
180645
108857
33404
103522
211840
218425
108855
108854
126202
126201
126200
211838
211837
218421
218419
186221
327047
108852
186216
211834
218417
218416
186220
218420
108848
197165
211830
108851
10721
186217
108850
186218
211828
108849
186219
218412
211826
211825
395848
186222
248838
218404
211824
218403
115797
218401
218402
218409
218411
197164
395846
188366
242861
211823
211822
186225
218427
218426
211821
218405
211820
218408
129620
218397
126199
120100
218396
127698
218395
153898
108845
218392
211819
103521
211818
218393
242147
395845
126197
33401
33397
186232
218390
218389
127695
218388
127694
197162
197704
218386
108844
186233
218385
395844
250799
10719
239637
33395
120994
128083
106361
218383
250800
211817
211816
126196
119811
395840
218387
108843
250801
10718
55309
186234
99362
211815
186235
108842
186667
211814
142421
106362
142419
170866
168454
186668
18201
142417
99363
242143
115609
211813
128345
10717
34773
186236
128943
120252
211812
108840
186237
211810
211809
211808
211807
108839
186238
211806
249950
127692
145398
396477
120186
250805
127424
108838
108837
108836
186239
211805
8219
108835
211804
126831
10716
186240
211803
108834
211802
211801
211800
211799
108833
10715
218380
108832
211798
115610
128553
120598
242142
115611
125325
120076
128346
369159
369160
211797
265499
35126
211796
395832
250807
250808
211795
211794
129621
99366
99367
218309
218374
218376
125326
218370
218369
218372
218366
145397
145396
306018
99368
99369
8218
218365
108830
186243
99373
128944
119507
218368
211793
211792
211791
218361
55307
211789
115612
242140
186245
173186
242874
197160
114883
114882
173185
211787
211788
218358
108828
174446
173184
126194
119268
115613
173182
333507
250814
126192
114881
211786
211785
173180
120175
126191
306032
218356
218355
218354
218360
218353
125327
384578
10712
218359
242879
115614
188384
218349
211783
218346
108826
186246
10711
108825
242139
395829
234059
250817
375945
35125
218352
250818
34137
171752
242138
188386
218345
218343
218344
108823
218342
218350
199722
218341
108822
186248
218340
199721
242882
35952
127691
218339
8216
218336
218337
250820
395828
218367
186249
218335
108821
211781
211780
211779
211778
211777
186250
218334
211776
211775
211774
54634
211773
211772
211771
211770
395826
211769
211768
211767
211766
8214
211763
218331
218333
218330
121162
127689
127810
218328
218326
218315
218311
218310
142401
218323
199720
218324
186251
186252
218322
218321
250828
197158
218320
197157
218319
197156
180642
333511
171770
218318
218317
218316
384924
199719
242886
211762
211761
211760
218307
119285
218312
218314
128554
211759
218313
211758
211757
218305
10706
142396
186254
108816
218303
218301
114878
218300
250831
211756
265306
108815
218308
173176
248836
173175
173174
248835
10704
186258
218291
120650
129622
218292
218294
218293
