218290
173172
218295
218289
186259
211755
378668
218288
218286
218287
127685
129701
218284
218282
277720
174442
8213
142393
218298
218278
218297
218296
250834
218276
218274
127688
174437
174444
127686
375946
250837
395821
174440
242894
218283
218281
218285
99380
180640
127687
128656
180639
144986
199718
218269
127684
129623
211753
119868
174435
218268
10700
108814
395819
180637
211752
211751
10698
128555
218272
211750
120907
180634
180633
125328
125329
180632
180631
128039
120940
186263
211749
115616
145343
211748
376090
369781
174432
218265
253530
218267
10695
128945
119441
82823
125330
120007
211746
154098
154095
211745
128946
119946
119972
126188
119612
126187
33393
33392
211744
174427
218261
242137
115617
242135
211740
218262
154092
211739
36409
36408
128040
119474
186265
180630
180629
108810
10692
186266
186267
180628
34136
115618
108809
198223
10691
186269
180627
103520
186270
180626
108808
103519
197154
154090
108807
10690
218258
186627
154088
239631
108806
128041
265739
218257
108805
378670
10689
174422
55300
106363
10686
108804
10687
186274
248228
106364
186275
103517
54633
103516
174421
395814
250849
10684
10685
55299
108803
218253
239629
395813
180625
180624
180623
218255
55297
103515
173166
115452
55295
242901
369173
218249
242902
145340
8212
218244
218241
10683
333518
218251
218236
265498
10682
103514
186276
103513
186277
186278
8211
103512
186279
145338
10681
115619
242903
127683
108802
218245
103511
384952
35950
103510
218240
120826
129624
218239
218238
384583
260735
103509
186280
218237
108800
10680
186283
103508
180621
108799
186284
265738
218232
108798
369181
186286
10679
127680
180619
186282
108801
242133
115621
33386
171751
171750
33384
395807
174420
250850
250851
10678
180618
180617
180616
10677
186264
218256
180615
180614
180613
186503
180612
186290
218231
119555
186291
218227
378672
218229
33382
33381
145393
86336
180611
108796
180610
10674
186285
82813
126183
120230
218226
218225
115623
242908
103507
203175
186287
218224
242132
115624
186298
103506
35124
82811
103504
126180
126179
115626
218222
145337
199717
242913
174418
53817
186300
54626
174417
250854
173814
115627
197151
108793
103502
103501
186301
10673
180607
90217
365019
186302
180605
186303
218220
218211
186304
218212
10672
180604
186305
180603
395800
174415
33379
127677
324964
108792
211738
126177
265737
108790
211737
108789
186306
108788
129625
218216
120720
218210
103499
186307
218215
127676
103498
128084
120348
218214
120697
127836
127675
10670
250858
211736
142365
249941
108787
218213
211735
211734
186309
242917
211733
211732
211731
211730
218205
180602
108786
211729
180601
211727
218203
211728
211726
129626
119897
127674
218202
218200
180600
197150
108785
218199
125331
121069
218194
8210
199716
55290
239619
186312
108782
144979
108783
186310
180598
103497
174411
395797
250860
248825
218191
192034
103496
218207
108781
265736
108780
265735
108779
218206
218188
144976
108778
186315
127784
127673
234062
119645
395794
180597
108776
180596
108775
239617
186316
174409
260723
252783
186317
103494
186292
218198
218197
180595
218190
186318
144140
218186
144139
108772
247747
369193
186294
10667
55286
173163
33374
126174
144970
144971
180593
180592
218179
103491
103490
174405
218173
218172
218171
154082
142344
103489
108770
174394
218175
128085
119780
218163
197148
197147
145391
211721
199715
126172
218159
119833
174403
211720
218180
35123
142340
218178
127671
35122
218177
115634
197146
218176
211719
119525
129627
218174
174399
33365
218165
211717
218153
33363
174398
197145
33362
218181
174397
33361
174396
108766
174395
33360
218169
218168
180589
142338
250869
218150
108769
242925
218164
253528
218162
218151
218146
277721
154078
54620
211716
218138
114867
254421
218128
246075
180586
35121
180585
218147
114864
218144
108765
186324
218143
211714
211712
211713
186325
103487
218126
218135
186326
180584
218125
180582
211711
211710
218148
218142
218140
128704
180581
265734
108764
108763
218119
103485
218136
115637
103484
246072
120438
250878
174388
127668
103481
395780
211708
218131
211707
103479
115640
242126
186327
186328
218129
242931
199714
180578
108759
218115
218127
186330
108757
246071
103477
218124
180577
186331
95783
211706
95785
218123
218122
211704
218121
211703
211702
127667
174384
99402
395777
211701
211699
211700
211698
211697
211694
211693
211692
211691
253515
253527
218112
250883
253514
152714
174376
86607
266098
170890
128086
127664
128042
180576
127665
126168
186339
218104
55639
54618
2893
54617
55640
54616
218108
114863
114862
218100
218107
128871
127662
33352
10664
218106
180574
250886
218098
180573
246070
218097
180572
186334
186335
218095
254422
186337
218092
218089
180571
246068
199713
71492
242938
106365
199712
242939
211685
115645
218103
186340
127661
211684
129029
33350
218099
108748
159785
33349
10662
150672
218085
218093
211683
211682
108747
218081
218087
103473
211680
218086
380925
90252
327110
55276
99405
211679
120953
129628
211678
174369
103471
103470
106366
10658
103469
33343
174371
180570
108746
150671
33341
211677
218078
211676
218084
211675
211674
129629
218083
211673
218082
55272
108742
218076
211672
108741
144959
103468
186341
108745
218075
144963
108744
186342
108739
180569
144962
103467
55271
150668
10657
218073
108737
120046
125332
18200
211671
211670
103465
127978
127666
120047
108736
250893
174367
395766
10655
218071
218070
242945
199711
211667
218072
211666
237072
154076
211665
127660
186345
55267
211664
211663
253526
145210
211661
218068
174363
35117
150664
218074
33339
218063
127658
120818
126808
33329
90265
180566
115649
242124
33328
218061
108728
197136
218060
119371
115651
115652
150663
250895
144138
239598
142297
197133
99412
197132
218056
218055
369794
108727
180565
106367
218059
129630
218053
108726
186348
333546
174350
320579
250897
108725
55255
246058
218057
253525
150661
108722
250899
395761
186350
108721
218052
197129
10652
218050
108719
159784
35114
218044
103462
218047
103461
174345
253483
180564
128948
119625
218046
239591
218040
246056
242967
115659
10647
253592
211660
120237
211659
129631
218045
395754
250907
211658
8201
54610
252782
55250
211657
211656
211655
108715
10646
239589
55247
108714
10645
18197
252032
156809
154075
154071
154069
154062
211653
152707
152705
152698
378680
33322
33321
218034
211650
211648
126165
126164
242120
115661
55241
180563
180562
126162
120627
126161
126160
120031
108713
126159
248816
10644
218026
126156
218025
180561
186353
108711
186355
180559
108710
106368
156810
252033
10643
34625
8199
186358
218018
247745
186669
108712
186354
55240
239587
186670
170901
369797
108707
168503
211646
86325
186359
247455
10641
247744
218014
108709
186356
211642
108708
186357
218013
218023
180558
218022
8197
10638
108703
218010
90310
380926
327127
75056
55235
211641
218020
218017
10637
156812
252035
218016
218007
218008
211639
260681
10636
108701
246887
10635
249936
186362
248227
108699
218012
218002
218005
218003
186363
211637
218001
55231
180556
115671
197127
246055
144136
126153
119462
211636
246054
108696
260677
217994
108697
186366
127656
127783
119977
211633
211632
211631
108695
186367
126151
126150
119553
217987
260676
99414
120418
128087
174339
36390
217993
150652
253591
10632
10631
180552
108692
265722
186369
186370
108691
10630
108693
186368
174335
156817
395742
252040
217988
211626
156818
252041
265495
55228
211625
142266
36387
174330
36386
35796
10627
126148
10628
384605
103460
103459
10626
108687
103457
106369
186376
217977
217976
186377
126146
192035
115674
10625
174323
217974
180550
186378
180549
246053
10624
55215
260669
217970
108683
103456
103455
242985
108682
115675
99418
99419
108681
55222
174321
36380
142262
199710
174276
108680
55220
55213
174320
36378
186379
115677
156823
252046
252047
156824
108679
265720
103453
10621
115678
306156
126145
252048
217962
156825
217961
217960
103452
126144
217963
217957
180548
217955
128347
120869
217954
217953
135253
108677
10615
144951
103450
10614
108675
242116
115679
55206
10617
239575
128556
103449
10616
103448
156826
252049
239573
10619
126143
217950
144950
217946
217944
115680
242114
10612
108673
55202
55199
10611
180547
246049
156829
252052
144949
217947
217945
217932
217934
217933
108672
108676
36361
90331
186382
10610
260666
55190
115681
197123
180546
180545
127653
217924
34601
144946
217922
35110
217923
180544
121016
128436
127652
217921
144134
10605
180543
115682
217928
115683
242111
103446
180542
145541
10603
180541
217914
108669
180540
106370
158644
52749
197121
265718
73664
260662
108668
10604
108667
174315
54608
10602
144944
108666
174314
217920
174309
217918
180539
174311
186387
174310
108664
10600
217925
108662
255686
55183
250922
186385
108665
119673
217905
254425
375950
127650
217904
239560
144943
277722
250923
99422
83197
252058
99423
156835
108661
217901
36358
108660
217908
144942
217906
10599
108658
108657
144941
144940
180538
108656
265717
34598
186391
186390
400469
127648
180537
333557
34597
108659
186389
103444
10598
217900
108654
211619
115793
217895
211618
252060
192036
156837
99424
119473
217902
217892
115685
243010
86319
108651
186393
90341
180535
217919
108650
186386
36353
253590
10595
35791
217898
186396
108649
174307
156839
192472
252062
395723
174306
103443
150649
55178
103442
128088
99427
119272
120951
108644
376057
144939
10594
108643
186397
34594
115689
144132
55177
150646
217889
95792
192207
119631
126142
55176
142190
186398
108641
17852
108637
108639
186400
128089
108638
186401
217884
144131
55171
250926
150644
247449
306160
306161
114854
36351
55169
246044
108636
217881
10592
103441
108635
186403
217880
103440
150645
108634
108633
144936
254426
375951
217878
55167
186405
186404
55163
211617
211616
211615
211613
211612
144130
150641
36350
150640
108632
108631
211611
33312
211609
217874
217873
211608
395666
395238
10591
103439
108630
173155
217862
172510
217872
186407
186406
217871
217866
128097
120180
86317
395719
188459
400467
400755
252067
156844
186408
108628
108627
186409
108625
211607
108623
211606
108622
243020
114850
211605
217864
55158
10589
108626
186410
35947
108621
369834
108620
34592
186411
108624
55156
142166
150638
108618
199709
156845
252068
400760
254427
369838
217861
211603
211602
144935
150639
55154
108617
103436
10588
144933
369211
55150
150636
174305
10587
36347
36346
36343
36341
36337
217854
150635
73665
248120
127641
127862
120041
120996
126140
126139
34758
103435
128050
119216
127639
243023
115696
243024
103434
199708
10586
144929
10585
55147
55146
103431
250931
203209
108612
115697
198221
108610
108608
217850
115698
197118
243025
115699
120875
128855
127636
217849
103429
18199
250934
119779
144928
52757
144927
378706
10584
211600
211598
186414
90362
243029
115703
120327
128096
108607
211597
211596
114844
108606
150634
211595
55142
103428
186415
115704
265711
108605
103427
8193
186416
108603
108602
376762
369844
115705
246891
114842
114843
108600
108599
55136
115710
217843
103426
115706
128706
120997
246030
142124
103425
103424
217842
108598
108597
156854
369847
252077
338978
217846
99439
186419
217839
55139
90371
265710
380927
365022
246029
217838
33308
103423
36330
55135
243040
115711
188092
127634
8192
55133
144926
217836
55132
217840
103422
191760
99449
55129
55642
253524
217834
55127
234010
55126
217835
234004
144925
144924
154047
154039
154036
150631
55123
173153
142115
217831
142112
108595
324958
186671
369851
170923
55122
168530
144124
142109
173152
34573
186422
108594
239544
55121
324957
34572
108593
239543
324956
10581
55120
152684
250939
142105
142103
300205
324463
108590
180533
126135
120372
126134
217821
126133
150628
159935
108589
108588
153894
108587
154547
55118
265494
55116
108586
186425
34568
186426
180532
10577
121166
126132
10576
108585
10575
55112
108584
10574
180528
103421
186428
103420
103419
180527
103418
217819
217816
150626
217818
127630
8190
10573
250942
156862
252085
217813
126129
252086
156863
211593
400774
250943
217822
217812
10572
211592
144923
375953
254428
144922
115723
217808
217807
34560
128348
150627
217806
158641
333576
103417
10571
186429
108583
108582
103416
217801
34559
217802
174302
180524
55113
186430
103415
108581
217798
35106
34556
34555
211591
99451
217791
115722
127628
197997
199697
199707
186431
211589
211588
34561
217786
172509
211587
129030
120881
127627
108580
211586
217804
150624
217803
217783
103413
55111
211585
127626
217782
217799
180523
217781
217809
119649
217797
128349
108578
10568
180522
81407
85238
52764
180521
35105
217780
34548
211584
369220
10570
10569
34544
211583
129031
127625
338981
217790
34554
211581
211580
217789
217779
55107
265493
10567
150621
217787
55106
103412
34549
180520
108574
8188
250944
252087
156864
217773
36327
217772
237055
8187
217771
217769
142071
108573
36326
127624
108572
248810
55103
265707
294000
108571
103411
324952
34542
35328
217766
115732
127622
211576
129032
127621
186433
211575
217764
35943
10564
103409
186434
10563
180519
180518
217770
191759
10561
186435
144921
186436
103408
144920
156868
369862
252091
395710
246895
324951
252092
186437
369863
156869
10560
211571
8186
211570
217729
217761
217730
144122
217757
250949
156873
252096
324465
300220
180517
127618
127617
217759
180516
108567
186439
103407
103406
217751
55101
180515
217748
34532
8185
108566
186441
248809
10557
103405
108565
180513
54598
186443
246021
186448
180511
180510
400462
180509
115743
243063
127607
127613
127612
217741
186445
217736
217739
217737
127606
156874
252097
250951
217735
186446
217756
127611
127062
121169
142046
199706
108564
127610
217755
127602
217733
10555
217732
211569
10554
103403
142043
217754
34527
34526
211568
211567
211566
217752
217750
10553
211565
211564
115745
217749
217726
127620
108561
217747
85242
211563
211562
217745
217744
217743
211561
217742
8184
108562
186447
74636
211560
211559
211558
127605
127604
25233
217724
73120
108559
55095
217721
127603
217720
36320
54596
36319
10546
324947
127599
217731
211557
127597
108558
73720
217727
127596
127595
211554
129033
120490
211553
211552
108557
186449
10545
159783
186456
127594
217725
103399
127593
129034
119653
217715
108556
108555
103398
115755
127592
192523
217722
180505
127591
103397
55096
186452
127590
180504
217712
127589
108552
324945
217711
103396
108550
211550
103395
108551
34509
108549
217718
250954
156875
252098
127588
252099
156876
250955
234110
252100
156877
250956
10543
173151
173150
108548
180503
186451
34516
10544
217716
108554
119736
126126
36318
10556
127587
108547
192524
250957
73166
10542
73167
211549
211548
211547
173147
186454
119943
129035
127586
55094
324944
127585
211546
324943
55092
186455
103394
115757
186457
108546
10540
55091
34510
174298
108545
239533
174293
211544
108544
211543
217707
36316
36314
36315
36313
10537
173146
211542
211541
128657
127609
121157
10536
127583
249931
380928
55089
265704
90426
186460
180502
217703
217702
95801
403004
55086
217709
180501
127578
174296
369880
400787
250959
156879
395698
252102
324941
211540
324940
180499
217738
10534
217710
186461
180497
174295
186462
180496
108542
324939
365827
331436
186463
55085
217706
120747
127581
129036
211539
10548
217705
127580
126125
119987
211538
10547
127579
211537
126124
211536
99444
99446
217700
217698
128107
217697
192525
127577
127576
217696
126810
127573
191758
99457
246898
180494
180493
115763
173141
180489
10530
261355
327190
174290
55080
127568
180488
186468
103393
55078
34501
324934
248808
103392
217692
103391
180487
108535
324933
249929
18198
108534
217691
108537
55076
10531
34494
34499
115764
217688
237049
174288
265492
55071
217686
217685
211534
211533
10529
369887
217684
127565
25242
34498
217690
129037
119887
108536
127564
127556
217683
180486
249927
108533
10528
180485
211532
217680
211531
211530
127563
34496
129038
25243
119939
211529
324929
55075
217679
108531
54594
172506
211528
108530
211527
127562
197998
156882
115766
252105
250965
378718
85245
103389
211526
217676
217674
129039
217677
127561
252106
99463
250966
127560
234115
156883
103388
211525
8181
192526
34489
217672
217689
34485
217669
35099
127559
99464
217687
127558
180482
211508
34493
127557
211524
129040
153893
127555
176060
211523
211522
127554
211521
211520
154021
211519
127541
217662
211518
186473
199696
198000
127553
211517
217660
34479
365831
95911
217659
186466
243081
369893
198001
217678
115768
199695
127538
217657
243082
199694
217682
198002
34490
217675
129041
25245
120062
127550
186474
217655
211516
127549
108525
217673
103387
217653
127547
33305
103386
186476
103385
247743
180481
217671
211515
217670
217668
103384
48046
48047
48048
324920
10527
144119
127546
217667
217650
127531
217666
115769
115770
217665
400822
250970
234121
176064
395687
378719
127545
99466
188495
127542
186479
103382
10524
217645
108521
186478
10526
217658
127539
217642
103381
217649
217654
217648
198005
115773
127525
217639
55065
127537
395686
127536
400829
234126
8180
55064
252114
369905
127515
250978
174279
395685
400830
156891
188499
127535
217652
211514
378723
127534
126811
191757
217637
85246
25259
81406
85771
34474
34473
176066
253589
217647
119924
129043
127529
25261
192527
217636
217634
108518
8179
260624
246016
217644
260623
217643
103379
127533
127527
127532
246015
127530
108516
8177
103378
217646
253588
55062
127520
217629
10520
211513
108515
154642
252112
378727
176070
234128
400835
188502
211512
99471
127524
156889
250975
188503
154643
176071
395683
400836
156890
99472
252113
250976
127523
378728
211511
127528
10522
174281
127522
186475
369903
127521
211510
127518
217628
127517
217627
186480
174278
152656
152652
214093
253587
246000
54589
214094
238060
199693
192473
214095
214096
252115
156892
260620
245999
156893
252116
8176
238063
103377
173136
306226
127512
173134
173133
211507
211506
261354
327210
211504
214097
153892
141997
154018
144115
141996
211500
127509
103374
180475
211497
180474
180472
120133
214103
128437
54586
211495
180471
211494
327213
261353
86292
180470
141988
211493
211492
199692
248432
211491
211490
214107
128730
306234
260615
211489
238067
211487
121048
127708
8174
103373
180467
98585
150618
242093
253586
156898
252121
242092
144917
368154
214109
144916
211485
211484
211483
242091
180466
159780
18196
180465
214115
265491
214117
265490
8173
8172
159782
159781
197111
8171
237037
127275
180464
9743
253585
9744
214118
252130
156907
214120
128731
247428
193956
247427
214121
121062
128903
103372
150617
103371
180460
214122
35092
86289
265693
159779
129044
33296
120575
129045
33294
180459
331433
252132
156909
119257
128438
150616
330791
150615
54855
180457
119802
128582
180455
119787
129046
214124
180454
128439
120873
180453
103370
214125
180452
368160
128583
128916
193958
128917
120219
128094
128052
214129
154014
154009
98593
125542
127979
125543
125545
152639
173128
173127
214132
173126
180450
144915
180449
141960
242086
214133
180448
103369
197109
106011
180447
86282
103368
199691
180444
127210
180443
199690
98596
211481
103367
211480
214135
33290
211478
211477
265489
211476
214138
180442
35090
197108
180441
180440
86280
103366
220720
35089
211474
211473
180439
95002
306262
220476
103365
35088
180438
35087
220474
220475
192474
211472
211471
214142
211469
211468
150614
103364
180437
173125
211467
121182
128780
24676
129047
106012
214144
214145
128441
120131
98598
106013
242082
103363
180436
103361
120894
128659
199689
125546
120151
125547
103360
127229
119281
125548
154004
211464
125549
129674
125551
125552
119849
214149
173124
376763
368165
180435
180434
54577
368166
376764
214148
211463
211462
144114
211461
378530
378532
211458
248430
103359
103358
144113
144112
103357
103356
8168
103355
180432
128108
120891
54576
172504
180431
180430
9750
9749
171767
54575
119963
128584
129048
119468
9751
199688
141923
211456
252637
103353
245979
247416
127709
128781
180429
173123
125553
211455
173122
150611
144910
214153
214154
8167
211454
120132
125555
154003
154000
129049
125556
119465
153997
39092
180426
383280
333593
214155
211453
144110
141918
248429
211452
237022
98606
98607
98608
98609
103352
8166
180423
211451
8165
211450
211449
211448
211447
214157
211446
214158
277723
180422
180421
380929
265683
327247
180420
54570
103351
211443
180419
211442
378536
214159
180417
54569
103350
199687
383285
211441
180416
211440
9756
197104
197685
9757
173116
9758
214160
173115
214161
9759
180415
214162
254402
327250
380930
265682
173114
214163
211439
180414
103348
211438
86257
103347
150609
253584
9760
376009
333596
9761
9762
211436
54567
150606
211435
180413
150607
152629
152626
129050
119863
150605
141895
141894
211434
145200
203590
37202
81402
256942
327254
265679
192038
113203
9764
238113
214174
214171
214172
54566
180412
331431
247741
247740
199686
103346
247739
129051
103345
211433
211432
211431
211430
247408
135225
211429
238114
103344
192633
103343
103342
9765
9766
180408
9767
9768
211428
214176
211427
129052
119991
245968
180407
9769
9770
9771
245967
238118
141882
211426
214170
214173
306290
214177
378542
247406
238120
144908
180405
245965
9774
247738
252138
156915
180404
180403
9776
144907
144906
150604
8162
150603
173112
180402
150601
150602
211423
211422
211421
144904
150600
237019
378546
382751
306299
214179
214180
156919
252142
214182
180399
253583
180397
214183
214181
245963
153991
248226
144902
248225
214187
121310
211420
211419
214184
144108
245960
128904
214189
211418
141857
141855
127277
119801
214193
247404
121308
120550
121307
120176
120698
211416
378547
242071
144900
378549
245959
252144
156921
156922
252145
98620
128905
144901
378551
214192
211415
145198
150598
9778
237018
237017
144107
331428
331427
331426
331425
214186
214195
119362
121305
127365
211414
214197
119796
211413
129053
211412
211411
9779
211410
211409
211408
9780
214198
214199
214205
125560
211407
211406
120218
129054
214200
129055
119596
214201
180394
180391
9781
214202
214203
214204
180390
237016
129056
248224
214206
120226
33280
125561
237015
211405
211403
242068
237014
211402
144106
265669
180389
129057
214207
103341
103340
214208
8161
277724
214210
106014
106015
125562
120460
125563
120194
125564
120557
214209
120474
125565
54558
237013
214211
54557
54556
103339
180384
180383
237011
103338
103337
368178
180382
237010
106016
145197
144105
180381
8160
238142
237009
211401
211400
211399
120523
127980
331423
331422
125566
214213
214214
214215
180379
120621
129058
180378
180377
214218
180376
245953
211398
211397
214219
54553
253512
54552
383310
103336
238146
53814
237007
98621
180375
98622
98625
214220
214221
214224
95020
214226
265668
214223
237005
180374
245952
129061
214225
159928
129062
119245
214227
103334
237004
180372
180371
237003
54544
54543
211396
211395
211394
237001
211393
211392
120503
127981
129063
211391
214229
125567
214230
33265
214231
125568
214228
214232
35081
173111
106017
214233
199685
33264
237000
236999
236998
98626
211390
129065
214235
119451
127367
214237
129064
214236
144898
248411
211388
129066
211387
376740
74036
214239
214240
35080
214241
98627
98628
214242
214243
39097
125570
214244
141836
103333
73121
214245
103332
214246
153972
180369
103331
33262
197097
211385
33258
214248
368188
128660
265488
150596
103330
127368
120267
18193
106018
211384
129068
211383
214249
211382
214251
180368
120026
211381
180367
252150
156927
306353
211380
159778
265487
180366
211379
156928
252151
103329
214253
214254
120555
125576
214255
125577
120192
125578
300060
103327
211377
211376
211375
211374
214257
125579
150593
150592
180363
180362
214258
153968
8158
173108
159777
247400
103324
150900
103323
120388
125580
129004
214260
211373
120335
129070
120508
214261
125581
150590
211372
150899
180361
214262
129005
125582
214263
120733
150587
150589
214264
150588
8157
211368
214271
214265
214267
73666
120485
125583
306362
144103
141802
214273
103322
211363
211364
376302
106019
211361
103320
180360
150585
211360
211359
150584
159776
211357
211356
180359
103318
211355
277725
180358
144102
211352
211350
120667
125585
214276
211348
214280
127369
119739
180357
400449
211347
180356
141782
150583
214278
214277
119554
129071
192039
211346
161093
211345
211343
211344
214281
103316
125590
120632
103315
211342
254403
265666
327289
380931
180355
180354
211340
103314
211339
211338
9791
9792
378553
8155
8154
8152
8151
33255
150581
211336
376765
211335
9793
150582
211334
120768
121304
211332
211331
35077
98636
98638
98639
35076
150580
180353
214289
144897
141759
8149
8150
214288
180351
127442
150579
103313
238175
106020
8148
8147
33254
211328
211327
238179
127373
119867
211326
211325
211324
159775
103311
150578
192528
173103
103310
106021
214298
214295
103309
103308
265486
103307
236992
103306
400446
73668
180350
73669
103305
103303
103302
211323
197090
214305
103301
119664
127374
120410
129073
214299
103300
214300
214303
211322
180348
214304
119394
127377
211321
211320
144099
180347
211319
103299
211318
180343
180344
214306
180342
103298
214307
211317
214308
214309
211316
211315
173100
127375
120153
8146
214311
173098
214312
211313
8144
8143
150898
35074
73670
18192
129075
125397
121332
119319
180341
180340
106022
180338
180337
238187
121331
211310
98642
214322
214326
128585
145194
214329
125593
121052
125594
120625
214324
128661
265662
150576
214318
129074
247737
103296
103295
103294
211308
119464
125595
214331
127279
103293
86242
265661
211307
127837
265660
380932
327307
8140
242052
125256
119308
192613
214332
214334
192040
245940
368196
197080
214327
214338
214339
119376
127983
211306
9805
214340
129076
211305
211303
214341
214342
119854
127985
153957
211302
211301
125596
119761
125597
125598
125599
33245
121329
9807
214344
152810
214345
106023
214346
173096
141683
9809
214348
320621
127838
180334
119352
127917
265485
120813
127839
180333
214350
400443
180331
180330
8137
119351
121328
9810
214353
214351
35067
199684
129078
214352
120206
199683
103292
121327
9811
164650
238216
247394
74037
180329
180328
199682
180327
150574
211299
103291
103290
245935
144896
214355
180326
8135
245934
35066
129079
119698
180325
150894
180324
9813
180323
214358
120150
125603
119332
129080
214361
211298
211297
129081
120676
33242
33240
214364
238221
8134
247393
74038
103289
103287
103288
103286
103285
214365
33237
33236
247391
74040
33233
238224
9817
247390
74039
9816
214368
173094
214370
247388
238229
211296
103283
238235
192041
236984
214371
8133
9819
214374
214375
103282
245929
180320
180319
214372
180318
180317
180316
144879
103281
245928
214373
103280
106024
333634
121326
9821
18191
9823
125255
211295
211294
211293
211292
211291
211290
211289
211288
211286
211285
238241
173093
214379
103278
103277
73138
238243
214377
180314
180313
199681
35064
199680
380933
265461
254404
180312
333638
238245
73231
103276
180311
214380
277726
103275
103274
173088
9825
103273
95045
180309
236983
236982
238250
180308
121325
119618
127987
103272
9827
245923
180307
214382
368218
150573
180306
180305
238252
129082
129084
35063
35062
129085
119552
238256
214384
199679
9829
238257
265484
106025
199678
9830
180303
8131
8130
199677
8129
214385
211284
9831
211283
120767
128362
180302
180301
211282
211281
211280
8128
197069
103270
98651
194274
73671
211279
211278
214387
211277
180300
180299
150893
214390
180297
103269
103268
192634
145189
211276
9834
197066
242050
103267
214388
214389
180295
211275
197064
73672
180293
141601
103265
103264
144895
173084
180292
180291
180290
214393
214394
103262
9838
203785
173083
129086
125604
214392
150892
211274
129088
211273
129089
211272
129090
129092
35060
120985
129091
119884
35059
129093
129095
121093
120841
129096
180288
333642
199676
129097
214399
120989
180287
180286
211271
9842
180285
9843
103261
9844
141592
173082
33227
333645
129094
73260
245921
33226
33225
214401
103258
103257
245920
214402
129099
245919
129100
120736
214403
103256
103255
9848
103254
214404
306467
214400
129101
120651
103252
129102
35058
245916
172503
129103
120601
214406
106026
180282
180280
9849
180279
9850
245913
119412
129104
8126
80129
203786
173081
119634
129105
129107
211270
129108
211269
129109
211268
211267
120821
129110
368243
121101
127988
125606
120966
125607
125608
106027
129112
35056
214410
35057
35055
141586
214412
128662
125610
119745
119848
125611
129007
119624
125612
214411
153946
153945
214415
129113
214416
214417
242041
152798
119276
129114
156935
252158
39102
9855
150891
125613
120045
368256
9858
9857
103251
9863
103250
119671
106028
9860
120068
127769
199675
9861
199674
9862
8125
214423
8124
129115
119969
214422
33213
172502
173080
173079
159949
265460
306472
129116
119368
120616
125254
173077
9866
173076
103248
103247
173075
260498
9867
103245
103246
159774
164615
214426
103244
8123
333651
333653
9870
103243
9871
106029
103242
8122
8121
35054
9872
9873
35053
120020
127840
127841
9879
9878
194275
211265
211264
120445
211263
129117
120471
214427
129118
73139
203273
378568
129119
300036
119267
9884
54539
180278
211261
54538
180277
141568
54537
54536
382755
9880
9886
300037
153940
9885
172501
35052
129120
120983
265459
9887
300038
103240
161090
34177
103239
199673
179213
333659
277727
103238
103237
9890
159947
103235
144097
9883
242038
9893
9892
178946
247373
159921
2897
9894
103234
9895
103232
180275
180273
145330
8119
9896
103230
180272
242037
73122
81390
362433
344195
9897
103227
103228
103226
33205
8117
199672
106030
180270
199671
103224
73673
180269
236968
211260
73123
33201
211258
9900
159773
211257
103223
103222
103221
333661
158821
125616
120771
125618
125617
73705
129121
120421
129122
306510
323142
120963
129123
247369
73368
103216
103215
236967
86217
145185
103211
320634
129124
378575
252781
125621
125622
9903
103210
180268
120496
129125
9905
211256
214440
252784
300039
378580
103208
253538
300040
98662
103207
211255
103206
253537
211254
180265
103205
9904
362435
81386
103204
180264
9914
119845
35045
129127
73124
383389
242031
178945
178944
242030
159772
159771
159770
178943
86211
265643
197044
197684
73369
333665
333666
73125
9906
178942
106031
180263
178941
220481
103202
220482
214448
178940
129128
120614
9908
120209
125260
35243
199670
120073
129129
35242
214447
220484
180261
180260
129130
119450
214445
98663
253539
253540
119821
127231
73140
125259
220485
120366
129131
211252
211251
129132
129133
211249
214453
211248
129135
211247
129136
211246
120358
33195
129137
211244
120415
211243
129138
125624
125627
125629
119226
125630
125631
214456
125632
129008
125633
214457
119488
119986
125634
125635
119467
120386
129009
125636
214458
214459
119498
125637
120172
214461
125258
125640
211242
214463
214464
214465
129139
9919
180259
73370
238313
214469
180257
73371
248022
180256
180255
178939
154667
178938
178937
214470
103200
194276
214467
86208
180254
86207
106032
180253
265639
86206
9923
103199
103198
197532
53811
247363
73372
376376
214471
199669
211240
211241
211239
9925
242027
368298
265483
247362
73373
150890
145389
180252
368299
180251
2899
211237
180249
73142
103197
214476
103196
214478
9926
106033
103195
211236
120437
129140
265638
9927
103194
103193
211235
54530
33191
9928
211234
192497
211233
125244
211232
121324
214480
54529
211231
214484
53810
9918
153928
153927
73232
214495
214499
214493
214488
214489
214490
214491
192208
214492
103192
103191
245903
180247
154661
214494
180246
211229
211228
211227
211226
211225
211224
106034
120946
211223
180243
211222
129141
119283
211221
121323
368303
368304
97535
214508
154659
34176
214506
211217
378584
103188
103186
214510
265637
380934
254405
327390
129142
380935
254406
265636
327391
129144
120819
180241
129143
214507
214516
214512
265635
254407
380936
327392
214519
103185
154656
211216
180238
211213
180237
180236
211212
103184
103183
9934
180235
214509
211211
214514
211210
180234
119567
127232
214515
119340
129145
211209
103182
211208
121322
211207
214521
211206
180232
180231
214500
211205
180230
180229
180228
211202
211199
211198
35039
211197
211196
97488
73375
73280
106035
9936
180227
154649
306564
214525
383401
103181
103178
103179
106036
18190
265458
106037
214524
214531
214543
214526
211195
211194
211193
197970
214527
211191
245900
211189
9937
54526
180226
214529
120769
180225
129146
180224
214532
245899
180223
214534
214533
214536
214535
35038
129147
265457
9938
211188
129148
211187
9939
253536
180222
103177
103176
103175
180221
214545
277728
119292
127990
199668
141476
159916
214549
211184
119910
211183
129149
180220
253535
197680
197035
197034
211182
103172
211181
214551
211180
199667
214552
103171
211179
103169
211178
35031
103168
9940
103167
9941
103166
306590
103165
214554
180216
103164
260441
211176
214553
333677
158813
150697
141471
236955
103163
180215
180214
141467
95074
95075
253534
180213
180212
180211
214560
180209
214561
120300
129151
8109
8108
8107
196563
253541
253542
196596
253543
1084
242020
242018
242017
121265
106038
214566
265456
9942
103162
103161
199666
103160
214575
141465
106039
214576
214577
211172
103157
103158
211170
214578
211169
73674
211168
127991
119497
128663
120401
145329
214570
214571
214572
103156
214573
214574
211167
73675
106040
211166
103154
73676
73677
103153
103152
211165
121321
214579
211164
129152
214581
214582
214585
211163
214586
214587
103151
180208
333682
180207
180206
103150
103149
211162
180205
180204
180203
180202
103147
180201
73679
211161
265455
211160
211159
211158
9945
180200
121264
120803
211157
54522
103144
214588
214589
9946
368306
236953
180197
291924
282198
9948
214593
103142
129153
128664
214595
1086
1087
129154
128665
119786
214597
214598
128733
378590
129155
119690
180195
180194
103141
214599
191642
103139
333684
211156
211155
211154
33180
33179
199665
211152
211151
214601
211150
106041
197679
121263
197029
242009
9950
121262
211148
129156
120516
127842
211147
119817
129157
214605
214604
103137
211146
211145
253533
103136
211143
211142
180193
214615
180192
103135
129158
211140
145327
141440
120497
129159
125646
103134
159914
214610
9951
214611
80113
214612
129162
35026
172500
214607
103133
9952
214609
121260
214614
214619
106042
103132
120022
127281
125243
103131
119919
120275
129160
103130
211139
214613
121261
103129
128442
2908
180191
9953
103128
380937
327407
265454
129161
9955
103127
214618
180190
245884
211138
180189
192777
199664
180188
129163
119942
214622
211137
119876
211135
129164
211134
211133
379307
196597
253544
128667
211131
125647
120061
125648
211130
125650
119741
211129
214625
242004
125651
125652
125653
125657
125654
125655
125656
211128
120620
125658
211127
211126
211125
376744
121011
129165
172499
103126
9959
180187
103125
9960
103124
35024
35023
141435
103123
180186
180185
141431
9965
8104
8103
236951
211124
238362
173070
103121
9961
121320
238360
103120
9962
8102
54521
103119
9963
9964
214628
73337
265482
9969
214635
121256
180183
211123
211121
9966
9967
214639
9968
242003
103117
103116
141425
245882
98675
98677
8101
121258
73234
214638
254408
380938
327415
265453
238366
9972
265452
8100
180182
9973
8099
180181
180180
186632
238370
73146
9974
211118
211117
54520
214640
129166
121255
119922
180178
152377
39120
120973
129169
214644
120423
125659
35021
129168
119274
121319
9977
180176
54518
378594
8097
8098
103114
9979
9978
214648
103113
103112
214645
103111
214646
103110
121254
54516
180174
127282
120138
238378
150695
119658
173063
121253
214650
241999
211116
129170
214652
214654
129171
214661
119287
86194
214656
103108
103107
199663
180173
253532
9981
95080
121252
106043
238387
9983
241998
180171
180169
214663
379311
152464
152514
9984
253545
129173
211114
127863
120266
214665
173062
103106
214666
103105
54515
74041
180168
199662
103104
192635
199661
74042
214680
103103
73680
120890
129174
35019
197010
129175
183162
277729
183163
180166
180165
119248
129176
180164
135215
8096
119503
128443
128444
120321
180163
127283
103101
129177
120877
8095
98688
179212
129180
106044
211112
211111
211110
129178
378600
179211
103099
125661
214675
125662
125663
98689
152334
152616
183166
8094
196575
214681
152615
379317
129182
129181
121129
125666
125667
120349
214679
183168
378601
159769
98690
9986
18189
241993
129183
120571
129185
73681
103097
129186
214683
214684
199660
214690
73682
73683
106045
197007
86182
103096
211109
129184
211108
159911
214687
183169
150887
247327
150886
125668
121131
121135
125669
183170
98691
214689
220721
98692
265450
333706
214692
380939
254409
327421
265449
214693
103095
129187
214694
245862
180162
33173
33172
125671
121132
214695
183172
180161
180160
129188
211106
211105
103094
211104
103093
197005
214698
120318
129190
250203
250206
86179
214704
8092
121318
2912
241985
214696
180159
180158
8090
119602
129189
211103
180157
180156
214700
214701
379318
214707
121317
121316
196576
127843
196577
125673
241984
241983
241982
320658
180155
180154
180153
180152
180151
180150
241981
86178
180149
183175
180147
214706
183176
247323
245853
180146
197000
197672
214709
245852
180145
214708
172498
214710
35014
214711
214712
180143
173059
173058
214718
180142
333711
180141
9987
306690
320660
86173
214723
214717
180140
180139
180138
180137
199659
183179
180135
180134
214719
119370
125242
183181
368340
368342
129191
119712
125675
125676
125677
125678
125679
145326
125681
125682
129192
211101
119847
211100
129193
211099
196600
1090
129194
214727
35007
129195
211097
33168
33167
33166
33159
33154
33147
135213
33145
214730
241979
172497
214732
214731
214734
121238
214735
253531
172495
172496
18187
214736
199316
214737
183183
214738
103091
103092
125683
211096
180133
183184
127026
121066
119678
211095
180132
129196
103090
211094
173056
103087
9988
103086
180131
74044
180130
129199
180129
214739
145324
183185
245836
73706
103085
214740
214746
119773
129197
214742
2914
180128
180127
8088
214744
214748
119369
129198
8087
183186
119623
125241
8086
159910
39126
211093
265481
245832
73127
73684
9989
253546
18186
265447
214747
103084
183187
159909
214750
214751
211091
129200
119839
119511
127993
129201
214753
128668
199658
180126
214755
103083
199657
211090
120850
129202
35003
180124
211089
35002
214761
152613
214757
214758
183188
183192
103082
127995
183189
183193
245829
103079
214766
214767
183190
214762
159907
145179
125684
211088
211086
145178
144892
183191
211085
103078
211084
211083
214770
211082
214771
98698
211081
98699
214775
214776
211080
211079
211078
54509
119900
127994
159906
211077
120179
183194
178871
211076
265480
8085
214772
8084
214773
211075
211074
120549
129203
211073
119941
192636
211072
103077
211071
9992
238431
159904
119398
103076
129645
103075
214774
141327
245824
8083
103074
183195
173055
8082
103073
120833
129204
119607
211070
129205
245823
121251
120024
103072
103071
125685
103070
183197
103069
211069
129207
245821
103068
214779
214764
214786
119814
125686
183198
211068
214781
103066
214782
180122
180121
238434
241977
241976
8079
241973
8078
8077
173054
180119
199656
128357
98702
119633
180117
214785
180116
211065
129208
120609
98703
211064
98705
211063
368362
152497
129209
211062
1632
125687
120055
125688
120888
125689
125692
125693
125694
125697
9997
125698
125699
9998
98708
180115
128054
183201
180114
103063
180113
238438
180112
7822
180111
103062
333729
183203
214793
144891
238440
214789
211060
214795
54507
159903
125253
119866
125701
199655
145537
125252
214794
10000
103061
103060
183205
33134
10001
33133
125251
277730
180109
10002
183206
196992
378612
10003
103059
103058
152462
103057
214801
103055
376768
103053
214799
180106
214806
180103
180102
120499
128669
103052
98709
8075
214802
106046
119753
9996
8074
245809
103051
320669
180101
320670
211059
211058
211057
214805
211056
211055
214810
211053
211054
214811
214812
211052
211051
129210
119622
129211
214814
379330
298111
299497
121020
127744
125705
128824
119829
241970
129213
214819
214820
191983
127844
180098
180097
180096
180095
211049
129220
211048
129212
211047
103050
180093
180092
211046
129214
172494
120407
214822
241969
129215
141282
129216
159768
129222
120191
129217
145176
145175
214826
145174
103049
214828
245803
211045
159902
211043
180090
159901
180089
103048
378613
260326
183216
214830
103047
173052
214824
180087
183217
173051
214825
183218
211042
180086
211040
179210
159767
141274
127745
129218
120258
211038
211037
211036
129219
211035
120570
211034
2920
191549
127211
214835
179204
180085
241967
211033
103045
183219
183220
178872
119724
129221
173050
214833
214834
103044
8072
134191
129010
127746
121021
8071
144890
179203
129223
119361
296599
379331
296600
298112
214839
125706
119456
144095
98713
98715
34997
378616
103043
192433
198206
211032
129224
73338
129225
211031
211030
211029
333735
121022
127747
173048
211028
121295
129231
129226
211027
211026
120246
129227
98731
214840
128670
17751
211025
180082
214841
211024
129232
211023
211021
180081
211020
183223
214843
211018
103040
125240
103039
211017
152503
265446
129228
119766
34996
211016
265445
214848
103037
211013
103035
121315
183224
214844
73339
179202
214845
54505
141260
103034
214847
