180079
103033
128734
183226
8069
253517
214850
180078
127212
120225
54504
180077
214849
241964
180076
103032
180075
8068
54503
54501
54498
296601
379334
296602
198113
127845
8067
211012
211011
129233
211010
214854
129234
214855
121082
214856
125708
125709
129235
214858
214859
241961
8066
183228
8065
129237
119307
261351
327464
199654
18185
248452
247310
73685
183229
159766
214860
103030
214863
183230
180074
103028
144889
127284
103027
180073
236927
103026
236926
180072
378619
180071
183231
103025
34991
180069
180068
164401
180067
128856
183232
119505
125250
211007
183233
211006
180066
192637
179201
73282
180065
33128
211004
129236
211003
183234
103024
103023
183235
178873
103021
103022
183236
103020
125710
159765
95124
265444
210998
210997
129238
119723
210996
210995
129239
214864
145173
210994
210992
236925
236924
103019
245786
103018
145323
144888
214866
236923
241959
214867
241958
180061
210990
119832
129240
180059
296603
180057
180058
379337
253594
194277
183239
180056
180055
180054
180053
103015
180051
103014
180050
183240
103013
103012
180047
183241
10006
265479
214868
236921
210989
164379
145536
210987
241954
214869
183242
180045
103011
238482
103010
260293
103009
103008
180044
180043
180042
180041
129244
180040
128671
120814
180039
125239
120166
128445
197977
125711
129241
214871
120610
400427
125714
183243
164369
103006
103005
183244
103004
103003
180037
103002
103001
103000
197978
214873
102999
183245
245777
180036
180035
214874
183246
214875
180034
129242
210984
296605
267408
129245
296552
129251
129252
196586
210983
129246
129247
210982
128823
214878
54496
129248
210980
383483
102997
129249
214880
210978
210976
141194
180033
102996
129255
8064
120569
210975
129250
210974
102995
192638
245774
129256
245773
378622
180032
8062
102994
183247
210971
129253
210970
120319
129254
210969
129260
378623
376315
180030
119551
121314
54495
277731
119433
129263
214885
10011
210968
129258
120450
129257
210967
125719
119534
129259
125720
183248
102992
159764
253548
102991
159763
241951
183249
214887
127846
238503
179200
125398
120563
180028
180027
125399
183250
210966
129261
210965
210964
210960
214890
210959
214891
210958
210957
379340
298416
129265
10012
10013
10014
379341
10015
129266
119765
214914
210951
129267
119374
210950
119601
129268
210949
183253
210948
210947
129269
210946
192639
125723
129273
210945
210943
210944
210942
214897
241948
180024
214893
210941
180023
210940
102989
241947
129270
102988
210939
214894
120458
125725
214895
120406
121294
102987
199653
180022
180021
245763
183254
8061
210938
8060
120573
129272
127847
129271
210936
210935
108514
98744
210933
95134
210932
98745
108512
108511
129275
125238
95135
129276
210930
108509
214903
159897
102985
179209
197981
34985
129277
120636
95136
102984
183257
145322
210929
173045
129279
108508
102982
214907
214904
238510
108507
183258
183262
145320
108503
183263
108502
180019
108505
183259
129283
180018
180017
245758
183264
210926
129280
102981
245755
141172
129281
210924
120710
210923
120715
129282
210922
98747
98750
98753
299826
10017
253242
196589
129286
299827
183269
108498
183268
108496
180015
180014
210921
120725
129285
172493
214917
238513
180011
383495
33111
8058
144878
129287
144887
145319
183275
236906
180009
183272
108492
129288
183276
86141
214921
183274
108489
210920
141168
197983
236905
197518
214923
8057
173042
214925
141166
127848
214927
400426
108486
173041
18183
108484
108485
183280
180001
180000
10018
183283
183284
108483
127849
179999
179998
179997
127850
179996
179995
10019
108482
10020
376438
197517
210918
210917
129289
210916
210915
129290
210914
210913
210912
129291
210911
129292
120816
210910
214929
196590
296607
296608
183290
214931
210909
210908
210907
129293
210906
119513
210905
214932
210903
210902
210901
214934
214935
183294
241941
214937
98756
210900
214938
121293
119397
121292
152506
152336
152431
186513
214940
127997
152603
152449
129294
120686
127811
197985
125726
108474
179994
197986
179993
238527
179992
108475
183295
214944
108471
102980
179990
8054
183297
108468
108473
108465
183298
108472
183299
265478
183300
178874
102979
125727
179989
210898
245747
214942
245746
238537
210897
210896
108467
210895
210894
108466
102978
179987
197989
210892
210891
10024
108464
108463
108462
125728
125729
214946
10025
376769
378626
125732
125733
214947
214952
10027
108461
214948
125734
102976
125735
108460
183305
208907
53808
214949
108459
10028
375959
383504
197516
214950
183306
108458
108457
183307
214954
108456
214951
210890
108455
250213
210889
210888
34981
210887
86136
214953
179985
199652
210885
108454
2924
214957
102975
210884
108453
129295
214956
210883
210882
152602
210880
179984
210879
108452
8051
183308
8050
296609
210878
210877
152522
98760
98761
210874
196591
196592
214959
253243
296862
210873
152351
379344
296610
121369
214960
108450
159762
179983
179982
214961
179981
183311
179979
179980
108444
260233
102974
179978
183313
102973
108449
245739
245738
179977
183314
191550
127812
108448
108447
183316
108446
73284
245736
192640
245734
150879
179976
108442
214963
245732
183317
197671
173033
102971
214964
120334
2929
128446
173031
277732
199651
173030
247300
179974
33106
34979
102970
214966
54486
10033
145172
183111
34749
238553
173023
108438
33104
108434
125400
108440
183320
108437
183321
183322
108439
183323
108436
145317
179972
108431
120988
127748
332092
214967
173022
108430
265443
108429
102968
102967
173021
129296
119667
197994
380941
254410
265442
108428
108427
179970
179969
186514
179968
108426
254411
265441
127813
120944
108425
183319
8049
8047
8048
8046
119354
126921
214982
152520
210872
210871
210870
210869
210868
296611
253244
253245
210867
210866
253246
296429
192614
98767
98768
183332
383514
214968
120743
129297
129298
214969
119984
129299
214970
120502
183330
183327
179966
128447
120509
183331
108422
179965
214971
141132
108421
183334
108420
179208
18182
86129
102966
127864
102965
179963
245725
245724
108418
120717
125738
127765
179962
214972
245723
108417
183333
108416
214974
102964
108415
245722
214975
210864
210863
210862
210860
210861
210859
210858
210857
108413
183335
210856
8045
210855
210854
8043
141127
245721
135209
238560
210853
210852
210851
144093
210850
254412
265440
108412
210849
210848
210847
108410
192529
210846
108409
183338
102962
120357
129300
210844
214978
141124
179960
210843
179959
183340
183341
102961
253549
192044
183343
108408
108407
10037
210842
120297
129301
236889
241937
210841
159761
108405
210840
214980
125739
120705
183346
108401
125741
125740
120295
125742
210839
108396
179958
102959
102958
108400
108402
241936
178936
238565
102957
108399
183347
102956
102955
183348
54483
54482
102954
210838
210837
196604
179957
108398
214983
183336
102953
108397
141114
8042
324439
298113
152490
299829
253247
253248
253249
253250
108395
253550
214985
196605
252785
253551
152599
108390
108389
238571
108388
183353
10039
179956
214988
183354
102951
102950
108387
179955
245718
108386
108385
183357
102948
108383
8040
108381
236884
241935
179953
108380
254413
265439
108379
10040
108378
179199
183358
210835
179951
108377
183359
183361
183362
108376
8039
214989
2934
125743
108374
183363
179950
10041
108373
380942
265438
327513
254414
238573
108372
179948
179947
108371
10042
141112
108370
108369
8037
108368
236877
210834
183364
141109
214992
214991
102945
108367
196606
210831
210830
210829
378631
102944
210826
81364
102943
73263
10044
159760
108364
73264
247277
108363
102942
10045
210823
8036
210822
8035
120829
210820
129302
210821
8034
183366
210818
296612
196609
296613
253251
196610
1081
252760
196611
296264
296921
379349
129303
119537
214994
214995
214996
210816
191645
236876
210815
210813
210812
210811
121370
215001
215000
125746
215002
119709
125747
73286
127814
120976
8033
215005
10046
129304
119585
215003
120588
129305
208914
2937
215004
10048
208913
129306
102940
54481
10047
215006
210810
265477
238583
192615
108360
327528
380943
254415
265437
210809
179943
186633
108359
238584
210806
210805
179198
183373
194278
215008
215009
194279
179941
210804
10049
108357
173015
191742
245712
152504
245709
108355
10050
215012
108354
10051
10052
108353
210803
376316
2325
10055
10053
108352
179940
179939
10054
108350
102938
108349
102937
54474
210802
210801
179937
210800
210799
183375
172492
215015
54472
108347
102936
238591
121313
10056
179935
108346
215016
102933
108342
102932
129307
119483
215017
129308
119873
368394
210798
129309
120679
135189
296863
210797
172491
296615
296922
297965
296864
296614
298418
296923
144074
108341
215023
215020
247276
73265
215021
129310
215022
120630
129311
179933
108340
10057
179932
183382
178875
108337
108336
10058
108335
179931
102931
183383
179197
108334
108339
183380
108333
129312
144073
8032
179930
108332
183381
108338
265476
102930
102929
102928
108330
102927
102926
144886
183385
108329
215024
183387
183388
236869
210795
210794
236868
108328
2939
179196
183389
102924
144072
144071
210790
119215
129313
2940
215025
210786
376439
144070
260177
192530
215027
215028
380944
265435
327547
215029
183391
108324
215036
108321
215031
210785
210783
215033
129314
210782
120581
210781
215034
252787
119606
215035
129315
236865
236864
179928
128735
210779
102921
210778
210777
152376
10060
183384
108331
183396
102918
215042
108315
236860
254416
265434
108317
108316
108319
183395
241928
10061
102917
183397
183398
215044
247272
183399
129316
215041
102916
102915
8030
306841
10063
179926
210776
210775
129318
183400
215048
179925
210774
210773
210772
179924
95163
210770
215047
210768
210767
108314
210766
210765
8029
8028
8027
253595
253596
108310
108307
215049
215050
2328
179923
183402
215051
215052
179922
108306
102914
129319
120693
108309
129320
183403
179920
260169
108302
33079
238610
183405
210764
108297
108298
210763
108301
183404
183406
108300
108299
183407
108295
215053
102910
183410
183411
245695
108294
183412
108292
191741
245694
183413
210762
183415
108296
183408
102909
215055
129321
102908
250221
179919
102907
102906
102905
73340
102904
108287
108285
108286
210759
210758
210757
247271
210756
210754
125752
125753
120696
173007
125754
125755
241926
125756
125757
120251
125758
119650
125760
125759
102903
125761
125762
119222
120584
125763
120631
125765
125764
125766
125768
119541
120687
125767
119916
125770
119886
125772
125771
125773
125775
179918
10066
125777
120595
125779
106047
102902
108283
183419
119595
125781
210753
120830
125782
125783
120303
125784
120360
125785
120732
125787
125786
120038
125788
119721
125789
120578
125790
135188
108282
10067
10068
173006
245688
152595
10069
102901
210752
215060
215061
210750
210749
164246
33078
179917
215067
179916
179914
179915
179913
179912
179911
8026
164245
179910
179909
183422
108280
241924
215063
10071
210747
102900
245684
8025
108279
108291
10072
210746
210745
108290
108289
10065
108277
108288
215065
215066
210743
210742
129323
210738
120093
210737
129324
215070
215069
215071
215064
108274
173817
179908
179907
183430
179906
129327
10073
179905
10074
179904
108271
108270
215075
215073
215076
73686
102899
108269
247268
102898
215074
129325
129328
173824
33077
54463
247644
108268
210735
108267
108266
183433
164243
102897
129326
183434
102896
129329
108265
179901
183435
102895
129331
164241
119472
125248
183436
164235
10079
145171
10078
179899
8024
247267
8023
247643
10080
179898
129332
108263
183439
178876
179897
108262
129333
120427
215077
10084
179896
179895
120393
127999
129334
119844
179894
102892
183442
102891
2944
194281
215078
141052
183429
247642
215079
129335
120119
215080
179893
135186
179892
173004
173003
183431
33076
173829
127851
145170
129337
54461
183444
108255
10085
183445
173828
33073
102889
10086
8021
215081
129336
215082
102888
183446
183447
183448
178877
108252
102887
245678
10087
191553
33071
179891
179195
173835
106048
108251
106049
108250
102886
108249
215088
215085
183438
10081
215089
183440
10082
129338
119536
10083
183441
379302
2947
215090
183450
253597
253598
296616
152443
296617
296618
299831
215091
183454
102885
120731
127815
102884
183455
102883
247265
2949
108244
183460
2948
179888
265475
179887
106050
102882
108246
183456
183461
183459
108245
127816
2950
33070
173836
108243
183451
183462
10088
183452
95172
247264
247263
125791
236843
108242
120168
129340
210734
129339
120539
179194
253599
179193
179885
236840
179884
382764
179883
252855
192531
215092
33067
10089
125792
215093
179881
265431
108241
215094
125793
121044
125795
120546
125796
179192
2954
215101
125801
215103
120977
125805
238638
108238
183467
173842
145169
129344
215096
210731
215105
215097
102881
210730
8019
183465
120691
129343
108239
210729
382766
179880
215099
179879
254417
265430
380945
327613
183468
179878
102880
210728
215100
210724
179191
33064
215104
236836
108236
179876
215110
33063
10090
210722
210721
236835
215108
2959
215109
102878
102877
215111
108229
183473
10092
152594
102876
215115
215116
179190
215117
210719
210718
210717
210716
252856
210715
210713
120239
210714
129345
192393
2327
108237
379294
252857
299498
215106
152593
108234
108233
108232
108231
108230
296554
298419
296555
39158
210711
210710
152592
215118
39159
215120
215119
128000
120382
121179
125807
125808
119968
125809
260126
106052
108220
179875
102875
215133
102874
179872
215124
183476
183477
10094
179871
108218
135184
127817
247729
245674
108216
106053
125810
191784
10095
236832
102873
108215
215122
108213
102872
247261
102871
108212
108211
108209
108210
108208
108207
247728
215123
108217
183478
127852
183480
210709
210708
183479
108214
247727
102870
210707
179870
215125
179869
210706
210705
215130
108201
108206
183481
102869
102868
183483
108204
183484
108203
183485
215128
108202
183486
108200
102867
144069
10096
39162
108199
215132
55643
179189
54863
108198
129347
10097
120554
129348
108197
210704
102866
125812
210703
210702
108195
210700
108194
173002
108193
128831
119872
173001
172999
210699
215134
129346
210698
10098
102864
210697
10099
254418
265429
380946
327698
173854
173848
245672
10100
102863
173849
245671
253489
210696
210695
210694
144068
215136
108192
210693
215139
108191
173851
108190
210692
299522
299523
39165
299814
215135
297454
127286
296556
297455
215141
2967
10102
141037
247641
215140
102862
173859
108187
108188
141029
247844
141028
265474
135183
102861
108186
108185
265473
183493
238677
108184
10104
102860
102859
102858
102857
108182
102856
129349
210690
120305
265472
210689
210688
108181
102855
108180
215143
102854
210687
10105
210686
210685
183494
39167
108178
150874
215142
129350
119965
210683
210682
108176
183495
108175
2969
102853
108174
183496
144066
129351
215151
120950
141009
141008
183497
73157
368409
121161
128822
108173
108172
102852
102851
108171
102850
54456
108170
73287
191646
253600
210681
73288
102849
210679
102848
54452
108169
108168
108167
183498
108166
183499
10107
210677
210676
129352
215156
215157
108164
183500
210673
179868
140996
215158
108163
183501
8016
215159
210671
210670
108160
238683
252858
210668
145166
179867
179866
10108
179864
179865
108159
183503
252859
215161
210667
210666
210664
144065
253601
252788
297456
296619
297457
297458
2973
2974
215167
183505
108157
179863
10109
108156
260089
102847
183507
183509
183508
108154
108153
400416
119610
129684
183510
8014
210662
210661
215165
210660
183511
108152
238685
215164
8013
108155
183506
120233
127818
108151
210659
215166
140971
125813
108149
238686
150873
215172
2978
210658
215168
215174
2979
183515
125814
215170
129353
210657
34968
106054
215171
102846
245662
179862
10110
183516
108148
178878
10112
183518
183517
10111
73708
102845
277734
125817
108145
108147
179188
108146
129354
8012
8011
260088
260087
127710
152510
102843
183519
108144
102842
183520
236822
210655
179861
245657
210654
33048
210653
210652
106055
102840
108141
127763
120980
210651
253602
179860
108140
2981
192434
73159
215180
150872
150871
210649
210648
108138
253603
210646
210645
192045
296620
196620
252789
299887
215188
125247
299888
2984
298421
73160
247254
108133
121075
125341
183524
108135
247978
215182
183525
238703
179859
179858
2985
215184
102839
102837
183526
245653
129355
102835
210643
210641
210640
34965
119794
210639
129356
210638
150870
108131
73342
210637
210636
172996
210635
215190
236820
129358
306916
320792
215187
172994
172993
236817
179187
210634
129357
210633
73162
247977
210632
183529
245645
10114
102833
236815
215192
194282
108129
183530
183531
108126
247976
73163
108124
183532
108128
108127
183533
108123
245639
108122
2986
179855
179854
108120
108119
106056
8007
108118
2989
247252
73268
241890
108117
102832
108116
108115
245635
179186
179851
179850
179849
108114
8006
179848
179847
179845
179844
179843
252790
215196
299889
73343
215197
241886
135182
108110
128908
102831
102828
145315
140923
102827
10115
108108
108105
119339
128857
102826
108104
183540
108109
150867
129359
173880
108103
108102
245634
102825
102824
33041
247640
215202
54444
102823
108101
102822
108099
173888
183541
145161
247794
238724
108098
34962
2993
125822
120367
108097
108096
183542
125823
119990
125825
108095
150866
106057
183543
108094
172991
172990
108093
108092
183544
108090
108091
173891
183546
108088
125826
102821
173892
108087
179185
150865
215203
120740
129360
108089
10117
10116
183545
108086
183547
108085
215204
108084
33040
173894
10118
33039
391841
183548
183549
241882
215205
368427
125827
108082
119190
125829
102820
102819
120075
127762
125831
368429
297459
252860
252861
299893
296865
108076
252791
379291
299895
297938
299896
299832
296265
33036
33028
215206
210631
129361
129362
210629
119752
129363
210628
120948
39175
215208
247251
18181
108075
173901
179841
108074
108073
108072
179840
179839
179838
173903
327833
119584
261350
128450
183556
215211
125832
120674
183557
119837
215212
125833
102818
208911
183558
238738
108071
215215
183559
236804
210626
173907
108070
120170
129364
102817
210625
173900
108068
102816
108066
8005
8004
102815
210621
210620
210619
173908
210617
192496
129365
210616
129366
210615
39176
81356
330629
173904
215216
3001
129367
210614
34958
210613
208910
179184
215218
108065
10122
179183
102814
183560
179182
236802
108064
210611
108063
215219
102813
108062
210610
152347
8003
108061
108059
183563
210609
8001
54442
210607
210606
253492
210605
215223
108056
196622
215225
108058
183565
179181
215214
3013
10123
210604
210603
73164
247249
102811
210600
215228
253255
108054
210599
210598
215220
179837
54440
252862
210597
102810
102809
215222
125834
108053
125835
179836
102808
108052
10124
102807
144059
183567
108051
265428
210596
108050
54437
10125
3016
210595
215227
7999
210592
210591
210590
210589
238750
179835
108049
299897
215230
252792
252793
298454
296924
296925
297460
247248
108046
183571
108045
183573
247974
183575
247247
245621
215238
10126
236800
108044
183572
260050
108043
215234
194013
210588
210587
210586
210585
210584
210583
210582
108042
39178
108041
215232
183576
210581
108040
108039
245619
215236
54865
210579
108038
108037
10127
183579
210578
108036
179833
245618
210577
236799
210576
215239
210575
179831
7998
120177
125838
215241
54436
108035
210573
179830
120307
125840
125841
125842
179829
125843
179828
210571
125844
119460
178879
183582
179827
108034
108033
215242
150863
108032
210570
194283
215243
194284
215244
144057
108030
10128
192616
73301
108029
7996
150862
7994
108028
210568
119246
129368
210567
183583
210566
108025
10129
196624
238763
179826
183586
108024
191647
210565
129369
215245
210564
210563
245614
245612
210561
247993
183587
179180
128451
34953
215248
210560
297461
247241
236792
297463
10130
135181
210559
247240
210558
73269
210557
210556
210555
210554
210553
210552
210550
252863
183588
253494
152517
252864
252794
253495
297464
296926
215251
125846
125847
3019
179825
215255
179824
260027
108021
191785
3020
247239
215252
7993
179179
215257
236790
215259
215260
145159
143968
245610
7992
215263
128452
108020
215268
215269
3022
215253
120923
127711
108018
210549
210548
210547
210546
108017
215256
179821
210545
210544
210543
245607
245606
150861
215270
210542
210541
215272
183592
210540
108015
210539
261349
327868
108014
215261
108016
183593
108013
277735
238771
73345
192435
121149
128821
152375
129372
215274
119981
128453
210537
108010
236787
215271
327869
261348
120261
129371
210536
152384
54435
102805
10132
108007
108011
183594
108006
210535
215273
108009
183595
210534
183596
108008
7988
210533
210532
215276
210531
108004
102804
108003
108001
73270
247236
125848
119510
10133
183597
102803
253518
102802
102801
210530
247235
73271
108000
210528
183603
183604
107999
125849
107998
102800
107997
107996
125851
152319
210527
179820
107995
125852
253520
183598
102799
102798
140848
125853
140845
125854
107994
102797
253521
102796
102795
107993
236785
152590
183599
7987
215277
183600
7986
210526
183605
215278
107992
107991
102794
183601
7985
107990
179819
102793
183602
102792
298455
152589
129374
120605
125855
210523
253522
135179
210522
253523
119420
210521
129375
183606
210520
210519
296927
39179
39187
39188
236783
252795
253496
297465
253497
296557
196631
296928
298425
3030
247234
296350
3032
3033
3034
3035
3036
183607
236782
7984
7983
107988
215282
107987
107986
107985
107984
183609
3037
102791
210518
102790
179178
210517
120752
129376
179177
7982
107982
7981
107981
210516
7980
179818
183610
183611
125856
183612
107980
125858
183613
179817
3045
3039
215283
210515
179816
178880
183615
179815
179814
183621
192642
10135
10136
10137
238795
210513
128454
3042
215284
3043
210512
210511
178881
183617
3044
3051
210510
215285
140842
183618
215281
179176
245602
179812
179811
210508
215290
215286
3053
7978
183622
183623
260003
260002
183629
107976
3052
210506
265471
107974
10139
7977
215292
247231
247726
107973
178882
265427
183624
107971
3065
10140
210504
210503
253259
129379
3057
120054
236779
107970
3056
106058
210502
376440
210501
10141
215293
129378
179809
3062
215294
179808
210500
215291
179807
178883
210499
183630
107969
140835
183631
107968
183632
178884
3067
178885
183633
210498
145158
379288
210497
10142
198126
102789
210496
210495
236777
10143
102785
107964
102784
102783
102782
102781
121023
129380
215295
107963
3068
298426
183639
152585
296351
296558
107962
183641
252796
252797
298118
296623
296559
3070
3071
215297
120323
129381
119360
129382
3077
215298
215299
107960
194014
73688
179804
191555
183645
192192
127713
120920
3075
3076
7976
107958
3078
119858
128737
210492
3074
215306
3081
215302
183649
128057
129386
210490
245594
210489
129383
215304
179803
215308
7975
107955
107954
247229
215309
107953
210488
102780
183651
129384
210487
102779
179232
107952
129385
210486
210485
210484
215310
179802
267161
179801
107951
3086
210483
135178
102778
210482
210481
210480
210479
215307
3087
125861
120921
179800
179175
3089
179799
107947
107946
3090
3091
215312
179797
179174
102776
107945
152584
102775
183654
107949
140817
215322
107943
215315
107942
196634
3094
140812
215317
107940
107939
152389
179796
128738
119657
179795
7974
3095
179792
179791
7973
179790
127069
121138
296624
210478
296625
296626
7972
7971
144055
215321
298119
215320
215319
296560
296929
297969
107930
296930
297761
296627
296562
107929
296563
296628
298120
3097
298121
191648
215323
215325
296629
215327
152321
125863
120069
215331
125864
125865
119764
125866
125868
215332
119419
125869
125871
120158
215333
215329
208908
125873
120878
125874
215334
125876
33025
376441
107927
18180
179789
107926
215338
215341
3101
215336
107925
3102
3103
395425
395213
140794
3105
245585
265470
215343
215337
247228
245584
54425
210477
3107
3106
10148
210475
3108
107923
107921
245582
215339
3110
128739
3116
210474
106059
179788
183660
102773
172986
179787
245580
179786
102772
210471
3112
210470
120766
129387
179785
210469
183661
210468
3114
210467
210465
3125
3127
210464
183662
127820
191556
120708
210463
215345
3128
245578
135176
245577
215352
107920
210462
3119
238822
3121
183663
247795
107919
183664
245576
245575
107918
10149
107917
3126
215344
183665
3124
3122
140783
172981
215347
171720
135175
196636
135174
3134
107914
10150
107916
183667
183668
107915
267166
126812
210460
183673
210459
245571
306983
183677
135173
236768
183678
10151
247797
238826
3130
107909
102768
135172
128832
120408
102767
107908
297469
215348
210457
102766
10152
179781
210456
210455
210454
129389
119785
210453
210452
3141
210451
215353
192346
140770
296931
296932
297971
267209
296933
183684
296934
164153
238831
107904
179780
192532
178886
183685
215355
33020
183687
107900
178887
10156
106060
125877
215360
186634
107903
238832
183686
107905
107901
245568
129390
215357
3148
120762
210450
210449
172979
210448
3149
3155
106061
172978
107899
3157
183688
107898
178888
3150
210447
107897
183689
178889
215361
210446
3152
172977
210445
107896
54419
54417
107895
215358
210444
183690
210443
107894
215359
107892
178890
183691
215365
215401
183692
178891
210442
210441
102763
368437
3158
3159
179779
179778
179777
107890
3156
179775
107888
3161
3167
107887
179774
107885
179773
3169
210440
107884
3163
191557
3160
215378
107881
107880
10159
179772
135171
179771
179770
102760
215371
54414
215382
3166
107883
183694
215386
215387
215389
215373
215374
102758
3165
172489
215370
10160
215375
107869
107877
102757
107875
179769
210437
245566
3170
102755
3174
210436
107872
3175
210435
183697
102754
107871
215394
179768
215395
210430
210429
3171
215380
215381
210427
102753
215383
210426
210425
210424
215385
215397
210423
107893
34947
210422
200290
210421
215402
210420
210419
210418
210417
210416
10162
183698
107865
192046
297471
210415
210414
210413
299535
210412
210411
296935
107886
296936
210410
129391
297472
107864
178892
10163
183701
107882
107879
3181
3182
107878
107876
252866
241849
183702
107867
233315
296937
296938
297474
3184
215407
215410
183704
215403
3185
179173
3186
3197
179765
215404
172975
107856
179764
10164
183708
10165
107858
3187
102752
102751
102750
107857
3189
183705
107860
215414
129393
210406
183706
107859
215406
210405
210404
129394
129395
210403
210402
129396
173915
215415
129399
3201
215408
129397
210401
3193
215416
129398
210400
210399
191755
3195
3196
210397
210395
215409
215417
210394
215424
3199
102748
3213
215425
107854
10167
183710
179763
3191
215418
215411
215413
179762
183712
179760
129400
3211
183714
183715
102746
173919
210392
210391
107848
277736
3206
172971
173922
107847
210389
107862
107846
307002
107845
107844
215428
3221
245559
253498
210388
215422
120763
129401
107843
179759
102744
179172
215426
107838
102743
210387
196642
102742
183719
3225
179758
179757
183720
183721
107841
3232
129403
3233
3234
3222
129404
3236
3238
129402
210384
215434
10168
107835
107855
173925
215431
107834
236753
107837
128672
183722
120777
107836
183723
179756
215432
102739
210382
179755
2324
196643
102738
215438
3226
380948
265426
254419
215443
179754
3231
179753
210381
129405
107850
210380
179171
215439
3257
215444
210379
253604
152341
296939
253260
296940
297476
297762
296941
297849
252798
297972
298456
297973
298427
296631
298125
298126
3249
107831
215440
183726
179752
107830
3262
3250
107829
179750
102737
179749
178893
183727
259942
245555
107827
3252
3251
3253
102736
3254
236751
215442
3256
215462
215446
129406
120547
3258
107828
183728
210376
120212
129407
3269
107826
102735
102734
3271
102733
3270
129408
183730
215451
265469
179748
128740
119938
210375
179170
3274
107821
102732
3275
107820
247218
215453
3267
183731
107822
107819
178894
183732
179169
107818
102731
172970
172969
245544
238865
102729
215455
106062
107816
178895
183733
3276
245541
3277
107815
120648
128673
210371
245540
210370
102728
215454
3280
194015
107813
215460
107812
3281
179168
3283
173943
107814
183734
102725
238868
129409
210368
215464
247214
73272
173938
107809
107825
125879
102724
125413
107808
102723
107824
173940
215458
102722
215465
107823
3279
120157
129410
259931
3285
125880
120671
238870
183736
107807
179747
173942
107806
102720
102721
107804
191649
107803
102719
215459
107802
215461
102718
3286
247725
3282
102717
102716
241843
215463
102715
107801
298127
296632
196644
179167
296564
296942
296943
298428
296633
297477
73717
173948
73718
215468
297478
54868
107795
183738
183739
183740
107798
10171
3288
107792
125881
215469
102714
150854
102711
3294
215470
107793
183742
183741
107794
183743
107791
3295
102710
245539
215471
245538
107790
245536
107789
245535
183744
10173
107788
128741
119875
179744
179743
3298
183745
3291
245533
107787
183746
107786
107796
107785
129411
210366
210365
292077
327930
173957
280243
210364
210363
210362
210361
129412
107783
210360
210359
107782
245531
129413
210358
210357
95238
210356
3317
129414
210355
215481
241842
107781
183747
107780
10175
215488
210354
120356
129415
215473
3297
210353
215474
215475
107779
107778
215477
245529
107777
3296
150852
215480
215479
210352
119985
129416
107776
150851
107775
265425
107774
215490
245528
245527
119227
129417
215483
215492
215484
210351
210350
102708
215486
215487
129418
3318
210349
198130
215489
107769
102707
3321
3331
129420
179742
3322
107771
107767
140749
102705
3325
183750
196645
173963
10177
3326
127070
121028
107772
183748
183749
10176
107770
107768
241835
102704
173965
3333
129421
173966
10178
183751
129419
119681
107766
173967
102703
107765
3329
236740
215494
107764
179166
102702
125414
120144
196646
3327
215495
253606
102701
102700
127071
121128
179740
196647
33002
210348
210347
106063
296634
196648
183753
215476
210343
210341
210340
129422
215482
296635
107773
129423
107762
253607
297479
210338
210337
252799
296565
296945
296353
296636
299539
215498
210336
129424
210335
210334
210333
210332
152574
297480
298128
32997
32996
215499
32995
73691
81350
210331
10180
125882
215500
125884
150849
125885
215501
183758
296946
296947
73692
73719
106064
107758
238885
215505
215506
183763
215507
73693
236738
215508
107757
107755
238887
186635
245523
125890
140727
215513
129425
3353
179738
215511
245522
3345
245521
179735
183765
10187
107754
10188
215516
215514
54408
178896
183767
107753
3352
236735
241832
3356
192047
236734
215515
179733
238894
236733
172968
107752
107751
215517
107748
107750
236732
179731
3364
129428
179730
215522
129426
215523
3359
183768
179728
179727
196652
215525
179726
3362
236729
179165
183769
107749
298129
179164
297482
73715
297483
296638
297485
298131
298132
296269
296948
296639
296270
183771
296949
247209
73694
135169
247208
73129
10190
10191
54406
107744
107746
107742
102698
102696
241831
107741
53804
172488
107743
179724
210329
129429
215527
107738
179163
179723
102695
102694
102693
3369
10192
107739
241830
144092
102692
245513
245511
183774
179162
265468
102691
183775
245510
245509
3370
245507
238906
245506
120376
129430
215528
179161
179721
183778
102690
102689
10195
183777
10193
107737
215531
215529
241827
102688
107734
215530
107733
107732
172964
10197
102687
3374
107731
107730
102686
3372
3373
267174
183780
102685
196655
179720
194016
107729
102684
102683
107728
192378
107727
3375
53803
102682
191868
245501
107725
107724
73118
179717
179716
196656
196657
107723
183781
112476
296640
196658
112479
296641
252800
296642
297957
299546
267203
297974
296950
183783
296951
73695
121371
119771
107722
215538
73696
102681
73350
179715
107721
102680
179714
179713
127349
215540
183784
299547
265424
254420
107719
145310
179712
102678
107718
107717
183785
120044
125245
179160
179711
179159
10200
179710
126813
3383
179709
179708
3384
121119
121372
179705
183789
102677
183788
179704
107712
107713
183791
107710
129432
210328
3382
54404
54403
3387
107708
183792
179158
215542
183793
145309
73697
107707
54401
53802
179157
107706
179156
179155
3388
107705
107704
107703
179703
265423
282149
107702
3391
119711
129433
107701
183794
119680
127207
191605
10205
102675
125894
215543
152331
179154
179702
107700
3390
107696
73351
102674
10206
54400
107699
215544
183796
102673
102672
215545
172960
3393
102670
125895
73352
179153
247202
196660
107695
236720
73698
215547
241822
179699
7970
183797
183798
107694
299815
210327
210326
73327
210325
210324
107693
39207
296272
152275
73716
298134
296952
297763
73328
297940
297764
296273
296953
297490
297491
215551
215553
215554
107690
125896
73353
125897
107691
183801
183802
215557
102669
120181
121269
102667
102668
247852
107689
247197
10209
102666
172959
3397
215550
215558
107685
191786
126922
120072
183803
107684
179697
215559
238928
236714
179152
215560
54397
259861
215562
54396
106065
107683
120692
129434
3398
73354
215565
73699
376317
102665
107682
3400
179151
102664
215568
210323
107680
102663
191559
172956
107679
215566
179150
102662
107677
102661
102659
102660
192193
179149
183805
236712
129435
3403
135167
247194
245495
106066
128455
120911
73355
245494
215570
245493
107674
183806
102658
128456
119885
10211
172952
172950
172949
215574
144052
3404
128457
380949
297941
120959
121368
376330
298429
107672
296643
73329
73660
73330
296566
73700
297492
73701
107671
183809
10213
241811
179696
107669
107668
102657
107667
107666
107664
128743
129436
215575
129437
107663
172948
238941
54874
107661
183812
145152
236707
245489
183810
107665
32982
107660
241809
7968
107659
7969
102656
245487
73356
107657
215576
210322
259845
210321
107656
191560
172947
210320
183814
10216
129438
210319
119758
210318
215577
179148
210317
210316
107655
210315
140656
215578
210314
32979
107653
107651
107652
183815
106067
179147
183816
236704
107650
107649
179146
179145
368455
107648
259839
245482
107647
102655
125901
102654
129439
120202
215579
10217
245481
107646
179692
102653
107645
215581
102652
107644
102651
107643
102650
102649
368457
179691
245478
73357
245476
10220
172943
179144
107639
215583
1629
125902
120108
215584
107637
102647
183822
107638
10221
215585
107642
183820
107641
183821
245475
265419
107636
73702
196662
119386
129440
3409
107635
183823
215588
10222
210312
129441
210311
129442
210310
120961
129443
210309
73661
253499
196663
152572
296954
73331
297943
296955
299833
298457
377305
297493
298430
377307
73332
297495
73119
73662
210308
135205
192541
296275
215590
241807
183826
120294
127726
112489
73703
215592
125904
125905
215597
215594
183828
127714
102646
179689
179688
183829
107629
179687
125908
125909
107628
183830
265467
54392
179143
127715
183832
107627
238956
161099
186636
3417
54389
376319
191805
183836
183837
250239
128859
247191
107626
179142
179686
73359
245473
179141
102645
54386
241804
172942
179140
172941
10226
172940
183838
210305
215599
144091
54383
179139
179138
183839
253500
368461
198132
210304
73361
245468
183842
238960
152570
215604
192194
102643
150845
54380
106068
179137
145150
102641
179136
191650
267176
102639
215602
129446
179685
210303
179684
183844
107621
179135
120892
129444
210301
247988
192195
7965
183845
107620
179134
144049
107619
102638
107618
107615
179683
183846
178897
102637
107617
210300
102636
107616
179682
215605
210297
129445
107614
120716
127716
7964
299551
233282
298431
376332
73333
215607
377311
73334
73663
162155
162681
296567
297975
267205
296276
107612
215610
183848
107611
183849
183857
183850
247185
95261
125914
215612
179681
183851
183852
183853
179133
129447
215613
179680
179679
179678
3425
179677
10229
107610
183854
7963
215614
183855
183856
215615
129448
119232
179676
400381
215617
179132
179131
215618
259823
179675
107608
247184
102634
183858
102633
106069
215622
172939
210296
210295
210294
210293
210292
210291
215620
102632
210288
210287
210286
179231
129449
119250
173973
107603
183861
10231
210283
172937
215624
183859
102630
210281
183860
107605
179230
173972
107604
10230
210279
95262
210278
107602
173974
215623
210277
102629
179130
10232
10233
179129
10234
183863
179674
247855
183864
10235
215626
210276
215627
135166
210275
210274
10236
191787
210273
210272
107599
210271
210270
152569
129450
3432
215634
179128
10240
107598
135165
215628
215629
215630
183866
241798
179127
179673
179672
173978
125916
183870
179126
73659
296957
129451
73658
297500
296568
296569
215636
296959
296960
173980
215638
183873
183874
10246
179671
179670
3438
129453
215640
3437
173982
183875
245456
215641
125920
107596
135164
3439
129455
183880
179125
129456
3440
179124
215642
129457
3441
179123
107594
183877
129459
144046
107592
135163
107590
173987
210269
210268
173988
129454
210267
215643
183879
215644
54876
210266
129458
210265
210264
129460
210263
129463
3442
210262
210261
210260
210259
128002
120405
215648
119393
128458
210258
119636
129461
129462
54877
107585
179669
183883
173993
215658
210257
210256
129464
140561
210255
210254
215661
210253
129466
215653
144044
179122
215664
215654
179121
183882
233268
135162
215665
215656
233267
119630
129644
210251
192476
210249
135161
183884
107582
252161
156938
183885
179120
215662
179668
107581
282141
265418
215663
210246
129465
183886
179119
179118
179667
129468
73657
179666
247176
179665
296961
194017
299834
183888
298136
179663
129467
179661
368490
297502
183889
95273
215675
150843
210245
210244
210243
120476
129469
210242
210241
129470
210240
298137
299898
73259
377340
10248
183894
107580
183891
10250
119487
128459
179660
3445
119831
128861
183892
215672
179659
3448
129474
3449
215673
120353
10251
183893
178898
107578
10252
125111
119918
215674
191606
173999
119843
127206
215670
119770
129643
215676
129475
119878
3446
129472
210238
210237
129473
215678
129476
183896
179657
210236
3447
191607
127205
37244
120915
210235
179656
210233
210232
210231
210230
127290
210229
245444
10254
210228
183898
107577
210227
210225
129477
215681
245442
179654
376445
215683
215682
3452
107576
183899
196666
174009
158712
333883
179117
333885
158711
3451
210224
210223
107574
144043
107572
178899
107571
183904
183901
107575
183903
179116
107570
183906
107569
107568
183907
210222
129478
144885
215680
194285
106070
210221
107567
368491
179653
179652
179651
107566
368493
215684
183909
150842
107565
107564
72428
395183
395455
144042
253501
296644
296253
215686
296963
296254
150841
39214
296570
296571
377341
377343
140529
10256
296964
215699
247710
215690
215691
215696
107560
183915
107561
215700
215692
183916
215693
210220
183917
183918
179650
215694
107559
179649
210219
183919
129480
210218
215695
191651
215697
150840
210216
129481
210215
179115
129482
191821
259783
215701
129483
210214
210213
129484
191820
119213
210212
215703
179114
247172
215705
191819
215702
191818
210211
129485
191817
183920
210210
191816
210209
210208
245435
129486
119262
245434
150839
10258
196668
183922
106071
215704
10257
183924
210206
215707
107558
10259
183923
368501
210205
34927
215708
196669
34926
183926
215710
144041
106072
215711
215714
183925
107556
107555
10262
191561
129487
210202
191815
245431
245429
368504
215713
210201
215715
210200
210199
267178
127291
107554
215706
215709
253502
252801
73111
377351
377354
296966
267214
297979
296967
54369
54366
34925
210198
129488
54882
53800
179113
10264
210197
95289
215719
2180
196671
215724
215728
179647
102628
102627
215731
191869
107551
179646
102624
215722
265466
129489
210196
210195
129490
3462
215723
210194
210193
215736
129491
210192
215725
203405
107549
215727
215729
215730
129492
236688
247709
107548
183929
102622
215743
215744
129493
161098
239002
107547
186637
107546
54363
10268
54362
10269
135160
3463
215734
210189
179112
210188
179111
215746
210187
179645
215749
259773
210186
183931
119233
129642
247164
210184
210185
215739
210182
210183
215740
107545
239004
152544
107543
102621
107542
210181
236687
259765
150838
210180
129494
106073
210179
239008
239007
102620
183934
102619
2322
191812
125922
129495
174011
54885
236686
191679
215751
106074
191680
102618
107539
10271
183932
107538
191811
183933
10272
107541
107537
107540
183935
107536
54359
236685
54358
3468
215759
215761
54886
102617
215752
215762
107534
215763
32967
183936
215753
210177
129496
179644
210176
107533
183937
239011
179643
144038
179642
191810
215755
183938
10274
210174
125135
215757
265414
107532
179641
236682
10275
129497
120723
128105
112511
129498
210173
297981
82254
73656
298141
215765
107531
107530
296969
140474
135159
296574
107529
379264
297945
298142
196672
252802
296970
82255
267194
297982
296645
296646
192734
192733
127416
179640
135158
215774
239014
215775
102615
179639
215769
179638
172932
102614
172931
172929
236681
179635
191562
210170
10277
215770
129499
210169
54888
236680
127073
120824
247161
127074
121089
125929
215772
125932
183943
210167
210166
54887
129500
125136
179634
10280
128862
119391
10279
107525
239018
107524
247160
247767
210165
210164
191745
144037
215781
152290
125137
125138
215791
179631
128867
215782
7962
135157
119328
129641
210163
210162
215783
236677
183946
210161
247866
3470
135156
128003
119348
152485
210160
210159
191744
210158
215786
210157
210156
210155
210154
215787
215788
215789
215790
191809
210153
203428
191726
102611
215794
210152
107520
215795
135155
152567
107521
179629
269679
54890
10282
210150
7960
7959
236674
102610
179627
210148
