215797
179110
178900
140450
107518
102609
247159
247158
150835
135154
215776
192477
106075
125936
120774
247157
247156
102608
119564
128004
196675
210147
144884
107516
191563
107515
107514
210146
179626
172927
215811
236672
376323
73323
210145
210143
210142
210141
296277
297504
215809
82257
210134
210135
215810
297505
82258
215817
215801
215814
128460
215815
215816
296278
298143
82259
298539
298144
82260
376336
298432
32961
32959
32958
32954
119384
125139
215821
179625
183950
247154
179624
179623
183952
183953
102607
215819
179622
215820
215825
183951
245417
368517
215822
236671
210133
107510
210132
245416
259736
245415
145149
95295
179620
107507
368520
215823
129502
179619
210131
183955
106076
215824
210130
210129
54893
179618
183957
107511
183956
247152
245414
179617
210128
107505
247151
210127
150834
215830
129503
144036
215831
128060
215827
102606
210126
269678
215833
107504
183958
107503
277737
210124
215837
210123
183960
183961
102605
7958
215838
10283
102604
102603
183962
107501
179615
128819
191725
120228
102602
183963
178901
107500
210122
210121
102601
307203
54894
172926
183959
107502
210120
239031
172925
215836
121072
128863
252166
156943
95297
172922
107499
179614
107498
107497
54895
172920
174014
215851
192051
210119
127417
215841
194018
107496
215843
125140
191808
10284
252167
156944
215844
210118
210117
102600
215853
259730
107495
210116
107494
265412
215849
183965
210115
125141
179612
210114
210113
368522
7957
102599
107493
112524
112525
112526
112527
112528
232784
377367
296354
377370
150832
298147
252803
119359
129504
322148
377372
125142
259729
179611
179610
10285
215856
183970
107491
129505
183972
107489
179608
215855
183973
183974
215859
183971
107490
183975
107488
247149
120607
95303
128461
210112
210111
125143
54349
215858
265407
107486
179109
210110
247147
194019
215862
129506
236667
210109
135151
144035
215860
129507
129509
210108
210107
179606
179108
10288
55652
172919
10290
179605
10289
10291
107484
10292
179107
10293
215861
102598
54900
265405
215863
379259
215877
210105
174017
196677
102597
179604
236666
179603
248309
247146
102596
179602
239046
324474
307220
179106
215874
215865
239049
239050
179600
107482
107481
150830
150829
10294
107478
107477
210103
179105
102595
236664
172913
10295
144033
236663
107476
215875
265403
107475
192731
296974
296975
210102
296976
296575
215878
215879
191789
215880
215881
215882
215883
215884
82261
215885
215886
296647
215888
150827
252804
233481
191870
215890
215891
297507
297508
280084
112538
322131
296977
296978
82262
82263
296648
82264
247144
247143
129640
119717
135150
179599
215906
179597
191871
239058
129510
215895
107470
107469
193919
215898
215897
135149
102594
210101
107468
210100
215908
58022
215899
179104
215909
210099
179596
215901
210098
265402
380950
328068
120220
129639
259710
215914
210096
107466
215903
179595
210095
210094
107465
179103
135148
144032
236660
102593
215907
215923
179102
215910
210093
183991
215925
215911
215913
179101
125113
120982
150826
215915
215916
215917
179100
107464
107463
192196
210092
215918
179594
215919
215921
3506
191790
179593
196679
54344
210090
7954
215928
179592
3507
179099
239060
196680
215926
215931
215927
179591
107462
107460
215935
107459
183992
192644
120778
129638
183993
215937
215930
210089
215932
210088
215933
215934
210087
210086
215942
252805
296979
82265
82266
215945
215944
296576
196681
268190
82267
82268
215946
215947
215948
210084
215949
120628
125939
297765
215951
210083
215974
125941
120784
119530
125942
125943
125944
125945
174018
215954
119928
128586
215955
215956
152564
140382
215963
328148
292569
260923
280351
215960
3513
3512
215961
215966
183995
191872
179589
179588
183996
119914
128817
107452
376324
179244
107451
215964
164006
107449
215962
107448
215969
236656
236654
236653
32937
129511
179585
179584
183998
107447
18066
179583
265465
3517
210080
265464
179582
210079
247141
183999
107446
210078
215968
107445
239075
54335
107444
215984
54334
178902
184001
179098
107443
184002
210077
191681
179581
215977
184003
236652
191652
128462
119853
125948
128463
233473
245395
210076
195610
184004
107441
178903
107440
54333
215975
119600
128744
179579
107439
184005
102592
178904
102591
215976
102590
179578
7952
107438
179097
127076
120434
179577
184007
144031
195608
179576
172912
10296
172911
10297
172910
210075
184006
107437
102588
102587
107434
192422
232906
107432
107433
7951
102586
215988
236650
174022
140365
210074
32933
174023
210072
179575
215985
107431
144030
215989
184008
215991
195609
32931
7950
107429
215986
247705
236649
102585
215992
32930
82269
215993
32927
34738
184009
239084
297766
298433
376337
233471
168185
296980
82270
82271
82272
210070
210069
210068
298434
73655
274229
268203
215995
296649
252806
82274
296981
296982
82275
296983
73315
82276
267195
297983
216003
184011
215997
195607
140357
54327
10298
184013
178905
195606
194020
10300
107424
179096
107422
102583
172906
245391
380951
328180
265401
3520
216000
54326
107423
216004
107428
107417
259696
174028
107418
216001
102580
107416
247137
102579
32922
54914
32920
195605
10301
265400
144029
107415
125949
216005
184014
191724
210065
192730
107414
245388
107413
102578
140340
102577
210063
247135
233467
247134
102576
107412
107411
216010
179229
107410
10303
54324
174031
3522
128464
179228
184016
107408
179573
107407
184015
247132
102575
135204
34737
174032
174033
107405
210060
125951
125953
119509
125954
102572
102573
107404
102571
107403
184017
247131
179572
184018
210058
184019
178906
184020
119183
128587
210057
102570
245385
179095
107402
184021
239096
107401
107400
239097
145147
107398
145307
10308
107397
265398
179570
144027
150823
216017
150822
210055
210054
150821
216019
112544
268213
296984
400028
107396
299564
296279
160370
160371
160372
160373
252807
297767
72437
200312
216020
171712
160375
171713
107393
192729
107392
174040
107391
107390
174042
107389
135202
102569
102568
179094
107387
179227
107386
144026
179569
121311
184027
239105
107388
184025
245384
245383
178907
184028
179568
184031
178908
184032
178909
107385
10309
247128
174043
102567
107384
10310
10311
118038
107383
216023
10312
54921
172903
102565
144023
144022
259673
107382
107381
107379
10313
245380
107378
102564
245379
107377
277738
106077
216024
307263
174047
247126
102563
179566
259670
247124
253552
210052
10315
210051
10316
102562
210050
210049
102561
150820
107376
324190
195604
102560
368533
239116
107374
199611
191873
216028
144020
102559
102558
179565
192421
144018
216030
129512
112549
112550
216031
380952
145145
3525
179564
107372
10317
179563
135146
216033
216034
296577
174050
298156
253553
216032
112551
297512
73314
376325
297513
296985
296986
210048
379252
210046
210043
192279
297769
252808
277743
82278
322090
144017
82279
377383
376338
125956
120414
125957
7947
179559
102557
102556
102555
216044
179558
236638
10321
135144
174058
54922
179557
216037
107365
107364
216042
107362
174059
210042
216038
184036
135143
210041
216040
236637
307265
107366
216041
107363
150817
216048
102554
380953
265397
328256
3526
107361
179553
129514
216039
7946
239122
210039
245373
102553
184037
216052
174061
7945
210038
184040
107360
144016
216045
194078
32917
129513
120688
210035
210034
239127
125958
216046
210033
32916
10322
184041
32913
54923
32912
32911
107359
144014
216051
259663
120932
3528
129515
179552
259661
236636
107358
216053
102552
216064
152339
247118
245371
236635
216055
179551
245370
239131
210029
239132
184042
179226
135142
107368
216058
191653
247638
210027
216059
192761
216060
106078
210026
210025
102551
144012
107357
210024
107356
102549
107355
107354
265396
179549
210023
144011
216065
191595
107353
178910
184045
216069
191874
216068
140264
135141
233456
179547
107352
32910
179546
144009
184046
267192
54926
184047
140263
144015
299900
400365
210021
216074
184048
216066
216067
299901
184049
299902
107350
144008
216071
298544
160357
121312
216075
216072
216073
112564
112566
112565
296987
34917
322088
265395
107348
144007
297987
297946
268225
144006
296650
296578
144005
252809
297770
10324
296990
299570
296991
239143
184052
265766
102547
247116
184056
178911
247115
3532
178912
184057
247114
216082
129516
107344
144154
179542
216078
135201
107342
184061
107351
81343
284814
107341
179541
107340
150814
144004
216080
210020
129517
120067
216079
192478
216081
150813
144155
102546
144003
216083
216086
179539
210018
102545
210017
184062
216084
210016
129519
216085
129520
210015
107338
210014
107339
10325
184060
368541
210013
210012
239147
247111
135140
369720
107337
216087
216089
179537
192420
125959
10326
102544
184065
150809
216095
247110
191696
125961
119535
120594
125962
107335
121139
191564
128465
125964
125965
216088
216092
210010
107333
210008
179225
184064
107336
216101
216093
179535
179534
179224
107332
210006
216094
102543
184066
239150
210004
107331
179533
179532
210003
179531
179530
179529
102542
107330
216096
195603
107328
216097
216098
216099
210001
107326
216100
196696
210000
209999
209998
120981
129521
216102
209997
172901
172900
172899
172898
216105
73654
285760
107325
298157
107324
296651
252810
299573
377391
196699
298158
73228
267222
296992
296993
267191
72453
296994
296280
297991
297992
125966
216106
216108
216109
209995
209994
209993
216107
194286
194287
32904
32902
216111
216112
152460
152400
10327
216120
184071
184072
192479
140220
216121
216116
194288
216123
32895
191723
32894
216124
247108
216125
179528
184073
102541
191697
216117
216126
102540
107315
179527
179223
179526
216118
102539
184074
107312
179525
209992
209991
216119
239157
369723
184075
107310
184076
107309
174064
184077
250243
209988
209989
184078
236625
184079
216122
107308
184080
191698
107307
184081
209987
135139
209986
107306
209984
209985
209983
209982
209980
216128
216129
107305
216132
178913
184082
102538
184083
125967
107304
184084
209977
216137
152422
102537
209976
129522
178914
184087
209975
107302
107301
194021
184085
107303
194022
265463
209974
236624
216130
129523
216140
216131
107318
107317
102535
32893
179523
107300
144883
179093
144002
102534
107299
107314
107313
144001
209973
209972
107298
368546
107297
209971
171694
194023
368547
239162
102533
209969
129524
179091
209968
184089
102532
216138
179522
2320
102531
107294
144000
195602
209966
107293
179521
209965
179520
102530
184090
107295
102529
216143
107292
107291
216144
191722
191721
191720
194024
102528
216150
10328
72454
72455
298161
107289
10329
216145
209964
216147
216148
189485
216152
377957
252811
152392
296652
377396
152436
377397
82280
191682
297514
296281
192052
125968
143997
107284
102527
216154
179518
179515
179514
184093
107282
129525
216155
216159
54940
107280
216160
10330
102524
192618
179513
194077
216156
119454
128816
107278
179511
186501
184096
328407
380954
163943
265394
247107
107277
102523
32890
245356
102522
128588
120711
209962
179510
179509
184097
150805
247106
216157
107290
209960
216158
143996
102521
107274
54942
102520
245354
179508
216161
216171
102519
192400
216164
143995
216165
216166
216172
209958
179506
216175
135137
152496
107273
179089
216168
191654
216176
179505
216178
107272
184100
239166
179503
209957
209956
102518
216173
216174
245349
194076
209955
194075
209954
216183
172896
119688
128745
150803
184104
247105
184105
140160
150801
216177
135135
107271
102517
184106
107270
209953
209952
216179
144157
7943
107269
10331
184107
102516
150800
107267
143991
107266
209950
102515
102514
209949
209948
216185
209947
216187
209946
107264
125970
107262
184109
216189
209943
296430
194025
120130
129527
216190
395468
395170
102513
216182
236619
179222
216192
107261
179502
216193
209942
236617
377288
209939
191596
209937
179501
129526
120009
209936
216188
265393
107257
296995
209934
168122
380907
216194
233446
233445
216195
268247
216197
252812
296996
216196
209933
298437
296355
179221
140146
143990
184113
125971
140144
143989
125973
125974
216204
18179
107256
184114
184121
216208
107255
107254
107253
107252
179088
89718
32887
184122
102512
179500
247887
179220
216200
184118
107248
10333
209932
102511
216201
216202
107247
179219
107251
184115
184116
184117
10334
184119
102510
209930
3544
32886
179499
179218
216213
107245
184120
216214
129528
121002
216205
107243
216206
216216
216207
216217
216209
216210
216218
179498
179497
216221
216211
209929
129529
120146
150799
102506
216223
179496
209928
216224
179495
216226
194026
107241
216227
216212
179494
216228
107240
107239
140128
102504
179217
178915
184124
107237
143985
107236
307325
216230
102502
107235
277739
143983
236611
209925
209924
209923
216222
216215
179493
107234
209922
184125
178916
102501
179492
179491
179490
143988
179489
216237
107232
179488
7941
102500
216229
143987
184126
107231
107230
174067
102499
184127
245336
107229
216231
102498
102497
216233
216234
174068
216249
184128
216251
119768
216235
143986
216236
107228
265392
209920
102496
119908
129637
178917
184129
209918
216238
102495
209917
184130
216255
216239
179487
179486
216240
216241
265391
328451
380955
209916
216243
216258
7938
107224
189651
191405
216245
209914
129530
107223
107222
184131
184132
102492
245335
102491
184133
119515
129531
184134
54945
216248
129532
107221
102490
73293
179483
216261
179482
216263
216253
297995
297996
184135
297997
297998
209911
172892
216266
209909
179481
179480
179479
184136
216256
216257
209908
296653
140107
196704
184137
209906
184138
196705
203444
216265
216267
298438
298162
128467
120941
216270
152561
322030
252813
277744
216271
135132
140104
191683
216268
128466
209900
380908
268261
191684
174070
216272
174071
184139
184140
184141
191876
216301
107218
259618
216274
179478
179086
179084
179085
179083
179082
179477
179476
144086
296998
125401
125402
179216
179475
209899
209898
179215
216277
144158
209894
209895
184142
107217
179214
10336
179474
209893
209892
209891
245332
239184
209890
239187
209889
216279
239185
247798
107215
184143
209887
216282
216305
129534
129533
121019
209886
209885
209883
259615
172889
179473
178918
184144
209882
144160
192377
209881
184145
216293
129537
216286
144161
2319
102486
125975
120034
209879
216288
129535
216287
144162
129538
209878
216295
216290
216285
216291
128468
120760
216296
216297
129536
209877
184146
107211
216292
54948
209875
140091
209874
184148
209873
209872
247099
209871
209870
10337
179472
107210
120147
216302
216303
128469
209868
129015
209869
179471
32883
102485
102484
144164
179081
209866
95338
209865
129539
120713
209864
209863
107208
107207
216306
107206
179469
179080
179468
174077
119482
216299
129540
216300
129541
144167
296999
1071
192053
125977
125980
120510
119933
125981
196710
82282
191655
297516
82283
39229
143979
233431
143977
143978
297517
273285
144168
252814
297771
216312
297772
296579
296656
296283
299835
94193
296658
140085
216311
144169
216314
216320
194027
184152
247799
107202
129542
120442
239193
216315
216332
3552
107201
184153
216316
140083
107199
102483
216319
144170
129543
209859
209858
209857
209856
54949
209855
81340
330773
89730
52583
100355
247096
209854
209853
119224
129544
3553
265387
107198
209852
216321
191656
7934
216323
192436
296284
216324
144172
54950
209851
209850
216325
107196
143976
209848
135129
209847
216326
102481
209846
102480
107195
107194
102479
107193
107192
216328
172884
129545
135128
216341
209843
216344
216343
209842
192054
3555
216330
216349
184154
107190
172882
125114
120243
192278
236606
196712
216333
102478
145124
135127
216357
216335
216356
216336
209837
216337
216382
174081
171669
162672
294678
160327
107187
216338
216340
174082
174083
107185
140074
184155
209836
107184
7932
107183
120793
216345
128590
107182
216346
107181
107180
102476
135125
216350
107179
209835
216352
135124
216361
129546
216353
216354
102475
216362
102474
144176
245318
209834
107176
296659
144177
179079
107175
216358
120052
129547
209833
209831
184156
209830
7928
107174
209829
216359
179078
120955
209828
129548
145123
273287
298163
129549
216363
216364
196713
144173
269962
326429
285796
330770
82284
297518
297001
252815
273291
298167
252816
216368
296660
296266
296661
296581
399932
82285
297002
135121
216369
191685
125983
125984
119177
216370
209827
209825
216371
209824
216373
209822
194028
129551
209821
216374
216376
216378
216377
216375
216379
125985
135120
54307
54305
54303
140065
216384
135119
140063
216385
216386
189652
191406
216390
233427
82286
209820
216387
174087
32880
32878
125986
125987
125988
120126
125989
125990
216389
125991
135118
216399
216392
3561
144179
216393
216394
191791
3562
245317
10339
245314
216395
239205
216396
54952
119993
129636
54302
107170
184158
239206
107169
184159
192350
191719
216400
54301
135116
120501
128746
192759
216402
144180
191565
216405
247088
216398
10340
174090
216406
216409
144182
54300
191657
216404
145122
174091
174092
236601
107166
239210
186638
89744
107165
247087
54299
10341
140049
184160
216420
216408
107164
112461
179467
216410
140048
216411
216412
380956
192437
54955
144184
247895
247086
216413
380957
216415
216416
216428
107162
107163
184162
2497
197851
216418
184163
107160
144185
54958
233425
233424
192760
209819
107159
209818
209817
209815
216430
216423
209814
216425
143975
102473
216431
216426
216427
102472
102471
95343
102470
102469
107157
112455
112454
250246
400350
400349
107156
107155
216429
112452
112451
171662
152484
152300
216437
399929
179465
184164
135115
152483
233423
54959
209813
209812
112447
216435
399927
216436
184161
273297
82287
286996
392409
216441
160321
297519
399639
299836
196716
216442
144189
280753
328549
292977
328551
280754
328552
280755
280756
292978
328550
292980
292979
299837
261213
261210
261211
261212
297520
297521
298169
107154
298170
399919
399920
399918
399917
380909
380910
278604
94198
191566
3565
380959
54960
395161
395477
107152
125992
209811
216443
107151
120885
127824
107149
216445
54961
107148
107147
184166
107146
192725
216452
216450
216449
144190
107150
184165
380960
89751
7920
216453
144194
179464
140034
107145
184167
184168
216455
107141
144195
144192
102467
102468
107140
265462
107138
107139
216456
179463
216447
129552
145141
179462
107137
107136
140027
144197
216460
120117
128591
216461
179461
268286
268287
179460
268285
268288
107135
192419
184172
129553
184173
194258
184174
172881
107133
107132
102466
192351
107131
107130
209810
143974
216454
140020
184175
178919
236595
140018
216464
209809
209808
178920
184176
216465
216466
140015
140014
216459
127078
120927
144200
52590
209807
144201
179459
209806
34907
216462
107129
184177
144202
179458
184180
179457
144205
102465
102464
239223
216474
107128
239224
107125
247703
233419
216476
194257
102462
179455
184181
107127
184182
184183
102461
102460
128747
119962
192758
184184
102459
107121
216469
216468
209805
216479
380912
107120
144208
107119
107118
102458
247701
107117
400348
144210
216475
102456
102457
145140
39240
135114
107116
247702
216491
216477
102455
144198
107114
7918
107115
216478
107113
107112
7917
3567
129554
107111
216480
216482
209804
209803
209802
54965
107110
152356
191687
128592
191688
107107
179450
144211
172878
144203
172877
216490
380913
194256
209801
120646
129555
144207
216495
297773
252817
297774
297775
82288
326433
297948
399904
184188
125993
120116
125994
119784
125995
125996
107105
144214
10343
102454
107104
144215
107103
107101
107100
139998
184190
107098
102452
102451
3569
129556
179449
54295
216497
247083
248560
102450
54294
102449
216499
174102
107097
276539
236592
192352
192757
216500
144217
184192
184193
54292
179448
107095
194255
236591
184194
144218
89760
277740
174106
54968
216503
250249
32871
55359
32870
194073
216506
144219
192318
184196
209798
107092
184195
152845
209797
81339
216509
216515
216514
144220
276541
144221
121060
127874
107090
216511
194254
107089
125997
298173
196717
299838
296582
297776
278610
152846
152847
392432
377947
152848
152354
297777
297778
277745
273315
297949
296662
252818
297950
81332
297005
298001
298175
278613
297526
298176
297006
297527
299794
191658
184199
380961
89765
184200
107088
216556
216519
107087
216524
194252
129557
192756
216528
216533
129558
216527
216534
184198
248520
55361
194029
152850
119336
128011
144223
216536
192646
144083
216540
216541
216535
144226
144224
216543
192755
128748
129560
194250
119789
107086
216548
107085
336510
216544
299583
128593
216552
7913
39236
39237
7912
216550
191877
380914
273332
216547
273333
299584
82289
144230
299795
268306
297008
297009
297529
216555
54971
216557
216563
95354
216560
209793
209792
209790
300293
216567
107082
95360
107081
10349
107079
216561
248112
274028
216562
107080
184204
184205
107078
216571
216568
163865
192277
174120
89774
380963
252819
392428
163864
194030
216576
107077
184206
163862
174121
216578
107076
184207
163861
196719
107074
174122
119666
125999
126000
184208
107075
126001
119852
216581
126002
107072
184209
107073
107071
125227
120322
126006
216574
216575
184210
144234
209787
194249
126007
119954
194248
125228
209786
216577
209785
209784
209783
392423
209780
209779
107069
34903
192317
216597
268318
192417
297010
216592
94209
297011
94215
274030
298178
209777
209776
209775
297012
297013
168042
380916
168041
168039
168038
297531
297532
297014
296663
298180
296285
297015
32866
32865
135113
32857
107065
39256
184211
239240
216588
126011
126012
216590
120867
126013
120842
250432
127204
400598
171651
392414
216593
399894
216595
216606
107064
216598
194072
192480
216599
174128
216600
194031
247079
144236
209774
216607
10351
184214
107062
209773
192316
129563
184212
107063
281886
184213
216608
54291
54290
216611
191407
189653
216603
184215
184216
216617
107060
107059
39257
80590
52606
216605
39258
126014
102448
126017
126018
126019
102447
250436
324767
126020
307442
107058
102444
102443
250251
107057
102441
172487
216610
172876
144238
107056
107055
380964
216612
102440
3583
125229
216613
216621
380965
392411
152851
216615
216618
252820
216619
192353
107053
107052
144240
248515
54289
54288
216623
125230
107051
337345
32855
125231
216639
102437
216630
184217
107050
216627
216628
39263
144244
107047
184218
144245
107045
54977
402882
34902
39264
216635
216637
107044
107043
102435
144243
233418
216643
125232
216644
216640
39266
245296
107042
107041
216645
268323
121151
121268
192315
129564
377929
209772
209771
216646
107040
112416
2317
2318
296664
144246
321922
69148
380917
380918
252821
216648
216649
278618
346156
297016
401958
296665
299798
191569
192314
191516
121267
121155
54285
184220
144249
107038
54283
102434
144250
107037
216663
191570
126814
126815
191571
120582
245294
184221
107036
144252
7910
184222
216656
144251
236585
107034
216659
102433
366459
128749
145121
216662
192313
216664
281892
245293
139971
34703
174149
216666
216667
95367
144253
184224
135112
152857
54281
95368
95369
95370
144254
184226
95371
126021
112414
145305
54280
191659
216668
135199
144256
192368
245291
209768
209767
107031
216675
145304
107030
102432
102431
192754
107029
95372
216671
145120
144258
95373
102430
144257
145303
145119
107028
216677
102429
107027
144259
216679
192620
102428
209766
209765
209764
209762
236582
298183
209761
209760
216676
112410
216678
54983
196723
252822
94222
94223
94224
94225
94226
94227
94228
299839
194290
216681
95375
10356
216687
216682
216683
192312
107025
239262
102427
184229
54277
216688
107023
216689
107022
236581
54985
192197
184230
7907
107020
236580
107019
144263
194246
209759
145118
209757
54986
10359
174153
125233
216686
245289
192311
144264
209756
209755
145117
7906
236578
184231
209754
107018
239265
107017
107016
107015
209753
145116
7903
191660
216693
216695
34896
209751
34895
172875
209750
216692
277741
107012
102425
102424
54274
174157
102423
107011
250450
216694
120215
127720
95376
174159
95377
95378
144267
144269
144268
174160
245286
145137
102421
102420
107008
184235
107010
156946
129568
125234
216701
216698
119982
252169
54273
54272
144272
107007
184236
209746
174161
102417
216705
54270
107006
216697
54269
174162
10360
54990
192198
145114
245279
194245
209742
129566
39306
129567
366464
174166
216703
245278
194244
191572
144273
107003
102416
127878
120992
392384
94230
203483
127825
194243
298186
144275
150798
144274
192056
198140
192057
144276
192721
73292
252823
94231
94233
94232
296666
191738
400625
125415
184238
192369
191661
194291
126023
120000
126024
119995
126025
7899
106999
126027
126029
216726
126030
126031
119453
126032
250453
120856
127721
216717
144278
129570
194242
184239
216719
216712
216718
194032
216713
216715
89843
402899
366466
216714
129569
106994
7897
7898
7895
7896
106993
106991
209738
106990
106988
216716
209737
209736
209734
144279
209733
144280
106995
184240
54997
209732
125185
194241
120718
54998
125186
209730
194240
209729
209728
366467
276565
25220
106985
106986
106984
216722
194239
209727
209726
209725
209724
253503
209723
216723
144281
250455
121171
128815
192495
209722
119862
194238
128471
216725
196725
209721
209720
209719
102411
106982
102407
216727
102408
106981
106983
34892
216737
194237
209718
106998
216729
10361
106979
106978
191718
127882
209717
209716
106997
209715
7893
106975
102405
209713
209714
209712
184242
106977
216734
192621
209707
216730
209706
145300
216739
216741
194033
102402
145110
127881
120930
7892
209705
192622
179077
128594
236572
209704
106972
216749
179076
102401
106971
239284
392341
106970
216745
172874
144284
145109
172872
172871
379232
7890
379231
106968
216747
399867
236571
144285
106967
191689
106966
112395
144082
47549
106974
209703
209702
106973
273367
299591
278631
252824
278632
144076
216751
194236
216752
195584
203490
129571
194234
126033
216755
191717
216762
144287
145299
135111
216756
191716
192714
216758
216757
236569
106961
184244
333967
106957
106956
216767
184245
106959
102398
209701
209700
216759
194233
106955
184246
106958
216760
192713
209699
144288
144289
209698
10365
106954
106953
216761
106952
172870
192310
184247
209697
125192
150797
135110
55002
135109
216763
192719
209696
209695
145107
192753
216774
102395
209694
184248
144292
216776
144293
174171
102394
216768
184249
102393
209692
192199
216769
216770
216772
32843
216773
121144
128472
106950
192716
191736
106947
216775
144294
106949
174602
106946
245263
216777
102392
184250
126035
126036
106948
191735
192715
32841
216785
216778
209691
209690
216779
125195
209689
209688
209687
32840
129573
39350
34888
216781
216783
145298
102391
39354
80594
52625
216791
80597
289349
39356
32839
52627
39357
52626
80595
52628
39355
80596
287242
284871
284873
95839
95840
287243
287244
284872
287245
284874
95841
126037
395681
156947
252170
193924
32838
55381
209685
209684
209683
216787
209682
192712
135107
245257
236564
89870
400642
380966
366480
174606
216789
216790
172867
192058
55005
209680
174609
209679
192416
121027
127883
174610
216794
209678
189656
191410
216795
299592
135061
298439
209677
209676
216796
335720
135106
125198
120017
209674
135060
135059
273375
268362
252825
34857
296667
296584
296668
298187
135057
399850
296585
398273
297019
135056
216797
216798
184252
178921
120077
125199
216799
144081
126040
126041
126042
126044
126045
119639
126046
392355
216802
10367
126051
287255
39388
52637
80610
85225
284883
216806
10368
216815
179446
106940
186639
239300
106938
184255
80611
39392
106937
239302
239303
102388
54259
144298
144296
184257
106936
106934
239304
216808
39394
106933
236560
32837
184256
106939
216809
106932
216819
216810
144297
35283
55008
106930
179444
209672
179443
102387
209671
209670
209669
209668
106929
216813
209667
106928
184258
18178
144300
35282
128473
216814
144301
144303
106926
239307
184259
54257
209666
194232
209665
150796
209664
250467
150795
144302
106925
209663
400657
400658
52639
39397
85226
284887
80613
287257
191662
392357
144305
192276
209662
257172
168362
270817
256588
257173
256589
257174
270818
168364
256590
168363
10369
144306
144307
152859
179442
144308
179441
32835
250468
135198
179440
239309
106923
102385
184260
102384
216823
216822
392354
171619
106921
144309
102383
209661
209660
102382
106920
106919
209659
194231
209658
248513
102381
106918
209657
184261
106922
106917
106916
106915
55388
216827
32831
216825
216844
144310
366488
144312
380967
250470
106914
125200
119203
89893
366489
380968
54254
216832
250255
102380
179439
106912
250472
32829
236556
156948
252171
400667
106911
245247
209653
144313
102377
392352
172864
189657
191411
209651
179438
179437
144314
209650
209649
209648
285866
10370
216841
209647
57602
296669
216843
191597
125403
191690
120002
209646
209644
125201
125202
209643
194230
35269
18261
125416
120493
268370
57604
272730
285871
298462
326446
256591
169971
256592
326448
169973
169972
326447
35268
135193
380919
380920
57607
399827
145297
216858
191881
191734
248512
248511
135103
252175
156952
144318
174613
144319
194035
179436
144320
192275
120543
125205
216850
179074
106906
18177
106907
184264
216852
194229
179435
192274
245244
194036
144321
247061
106903
216854
126054
179434
236551
209641
216855
216856
209640
209639
106902
10371
135102
209638
209637
179433
144328
209636
139898
144329
55017
174614
236549
10372
216859
216865
216860
250473
174173
144330
216863
216861
216868
209635
102374
102372
102373
102371
209634
209633
209632
106893
102369
209631
144331
191880
194071
216864
184265
184266
252826
34886
216866
216878
55395
216875
106882
366492
178922
106881
184267
209629
55396
209626
194227
209625
209624
216872
209623
125206
236547
192308
102366
184268
106879
179431
248469
102365
184269
191882
145295
192200
216891
106878
106877
216893
179429
129576
216896
95868
34884
216879
216902
129577
216889
216901
194070
34456
144337
194228
216883
144338
216884
102361
216885
216886
216905
106900
106870
106899
106898
192201
106897
129575
252178
119184
216887
156955
194226
54249
106896
106895
156956
106894
55022
252179
106892
106891
209622
106890
144339
106889
209621
216892
106888
106887
106886
209620
106885
106884
106883
209619
55397
216894
216895
120346
126055
125209
106869
216897
216899
144340
135053
144341
144342
192647
236543
179428
379227
174625
179427
120840
126057
126059
174626
192533
106868
144343
125211
209618
194225
129578
209617
236541
209616
209615
18260
209612
209611
216908
194224
209610
297536
106867
209609
209608
209607
267186
106873
126060
106876
106875
135052
250477
174627
296670
152861
216910
34855
296287
376328
153703
298003
34853
126062
126063
120505
296672
126064
57612
298440
234681
298441
144347
216913
216914
216924
32819
32818
144349
194222
248509
54247
144350
192307
144351
144348
216917
144352
276588
144880
144353
216923
174630
54244
179424
106864
106863
184273
276589
18176
179423
106862
194221
216920
248508
248467
106860
55398
248466
216922
216929
106858
276592
184276
144354
209605
144357
216925
209604
209603
10375
106857
55024
216931
106855
106856
216934
192209
216926
144360
144361
194220
209602
216936
209601
216927
209600
144362
216928
144363
209599
209598
276596
365804
209597
120924
125115
144364
216933
102357
192202
174636
179422
191691
209596
179421
126066
106854
184277
106853
184278
106851
106850
392336
106849
209595
216937
248505
209594
216939
184279
174637
216940
102356
191692
209593
179419
209592
150567
236535
192305
216942
209591
102354
179418
216950
194219
129579
102353
184274
209590
209589
216941
392338
286983
216951
216943
192304
106832
252827
106831
216944
125212
102337
194069
216945
192059
106830
106829
216958
276605
191574
216959
156958
106828
252181
144366
106827
216947
184282
102336
102335
184283
209588
209587
216948
216949
89911
366497
106826
126069
119902
216952
102334
184284
216953
144367
144365
236531
252182
156959
392297
216954
400322
216957
18259
216956
57614
209586
195583
144368
298188
106825
216938
57617
18258
144369
209585
106846
106845
106844
106843
106842
106841
106839
106840
106838
106837
106835
106836
106834
106833
278649
152531
195582
153815
192303
392299
216963
252183
174638
156960
268386
278652
392300
266902
252828
278653
278657
380921
234674
296357
145288
144370
145291
145290
145289
366499
250257
106821
248805
156962
252185
248804
192299
129634
120874
365805
270823
276612
150793
168393
257189
192302
216966
192298
179415
179416
102331
216969
192300
129635
145287
54241
184288
106820
184285
247055
54240
174181
216968
106819
102329
106818
250490
184290
250491
129633
192297
106817
216967
250492
102327
106814
248803
106813
179414
248802
184291
216973
216974
192536
179412
102326
191714
236530
121009
126072
126074
216975
126075
236529
216977
126076
126078
174644
193925
216976
135100
184293
106810
135099
245232
184294
102324
106809
192210
399638
398283
395132
248801
179411
248561
174645
216979
144373
245229
194217
216985
245228
184295
179409
106807
174648
245227
248501
179408
216981
120443
156966
252189
34883
55404
174649
125235
184296
250498
106806
102323
250499
216989
106805
102322
216984
144375
160276
120947
194218
128366
106803
253506
106802
276618
266068
192296
266069
276619
276620
102321
174650
82250
120049
106801
216986
102320
179073
106800
106799
247051
82249
191713
144379
216994
106798
216990
192706
192708
127079
121074
106797
106796
144380
179406
10378
296257
102319
184292
192707
34699
170002
57620
144382
102179
57621
216996
144376
286980
391419
144383
234673
97137
234672
135050
135049
106795
106794
106793
106792
106791
106790
106789
252829
34852
53788
296673
298190
278661
278662
298191
216998
217018
144391
239361
106787
174197
10379
106786
179072
248541
179071
144385
217002
191804
194213
217010
144386
129632
217007
191711
144387
217006
248499
194214
144389
217008
192294
179405
217003
106785
184303
106784
106780
184304
217019
106783
184305
144388
102318
106779
184306
106782
217009
102317
192293
248498
106781
184307
106777
209584
217015
209582
191710
174651
34881
128864
217021
106778
184308
217016
217017
217012
194211
217024
106776
106775
209578
194212
10381
209576
102316
209577
102315
248497
266070
82245
191663
144392
106774
102314
144393
106772
82244
106771
106773
184311
55411
144396
106770
217026
144398
144399
217027
192292
102313
192354
144400
217042
191803
217029
153659
174654
129584
217034
217041
191712
217036
144403
245221
144405
144404
144406
209573
250512
144407
139833
144409
144408
191802
143966
217037
10380
209572
102312
217038
217039
209569
209570
217040
144412
82243
209567
128367
120949
82242
209566
392279
278585
179018
298192
192648
125215
217044
120707
194210
217045
217046
144410
144411
189658
191412
296586
297782
144877
160270
252830
192705
402755
297783
298550
125116
119220
120836
174658
106769
144414
189659
191413
189661
191415
217047
125216
217048
194209
120096
217051
34880
194068
192289
191664
106765
174662
106764
179402
106763
184315
192290
106762
144415
144416
217063
144417
192291
102311
217061
217056
34879
217057
144418
194293
209565
106761
128475
184316
209564
245218
126080
106760
247046
192703
217058
209563
209562
184317
106758
120726
194208
125217
209561
245214
217059
184319
106755
184320
217067
102308
106754
217069
250521
179070
179069
184321
239378
106753
106752
179068
144419
179401
144420
217070
209560
179067
106751
236515
106750
179400
10383
106749
209559
102307
209558
191576
102306
106748
144421
144422
209557
106747
102305
150792
106746
179066
179065
144424
179064
236512
179063
392312
217071
209556
192288
209555
209554
106743
135097
245211
160263
217079
252199
156976
144078
217075
129586
217083
82241
217084
54234
191886
174660
102303
54233
106741
102302
55414
106740
209553
217076
55415
174665
10386
179399
10387
179398
179397
10388
10389
184324
217088
169740
392301
171596
153821
120975
127827
217089
174667
54232
179396
106739
217087
82240
217090
217080
82239
10390
106738
209551
217091
106737
106736
153822
102301
106734
106733
106732
54231
106730
144428
217085
192287
236511
102300
102299
106728
217094
144876
174209
120204
144875
194292
106727
152360
178923
184327
34850
250527
248800
178924
184328
178925
252200
184329
156977
250528
179062
250529
247043
179061
209549
217092
191417
189663
135096
250530
209548
129587
192355
34849
167905
125218
119366
209547
194207
217077
179017
179016
296674
179015
179014
234664
296675
179013
82238
252831
179012
395123
179031
377234
234662
179030
379222
135047
144874
217098
57627
57628
398291
57629
37985
297023
57630
234661
297784
179011
179029
135046
298195
106724
299499
106723
217102
150791
217103
217104
55028
239388
217105
217106
184332
192285
145285
135095
184333
184334
178926
247042
217109
7888
32796
217116
217117
217118
248797
217121
192284
248540
236510
217108
250532
217111
209546
184335
209545
102298
144432
217133
209544
192494
120668
128814
203622
192283
217134
144433
248495
179389
184336
217136
217127
10392
217120
217119
248796
53797
174674
53796
106719
239390
184338
248795
217143
217125
250533
192282
125219
194206
119402
209542
209541
209540
179060
217128
248494
55423
179059
209539
248793
217132
144434
250534
217137
106718
191665
217138
217139
179388
253625
144436
217141
129589
102297
217152
106716
217153
144440
144439
174676
217146
82237
106715
144441
55428
248493
217147
209537
144442
106721
144443
250536
82236
82235
144444
106713
126081
126082
217160
217157
139808
184340
106714
217150
126084
120232
74652
89981
266076
366519
299932
250539
402756
119800
126085
191577
127418
217154
192060
120484
366520
402953
217164
74653
266077
89982
144445
174218
106712
174679
217155
7886
120541
128476
192534
217156
192649
217114
156979
252202
194205
129591
217166
184342
392266
169730
153856
152866
347547
171591
285698
217161
145284
10393
179058
144446
209534
217162
144449
153814
135045
106711
127292
19537
31507
129592
34877
209531
94144
284381
377871
234660
167892
57631
57632
217169
179028
179010
395114
286965
296676
267183
75256
366811
75257
366812
19535
284385
284386
179027
34847
298004
106709
217172
192356
217173
217178
217180
217191
217193
55432
217195
217197
217199
217187
184344
217184
217183
217185
174682
217202
102295
250548
194204
217186
217188
179386
144452
144453
217206
239399
250549
191887
217196
106703
194067
10394
217198
192211
174683
250550
125236
217210
179385
209526
194203
144454
191418
189664
217205
106702
55434
217211
217213
144455
209525
217215
217200
250551
217201
184346
144457
184347
106700
217204
250552
144458
10395
184345
106701
192415
217208
217209
102293
144459
106698
250554
145532
192398
128813
179384
144460
209523
184348
178927
145531
250557
217212
106697
145530
106696
184349
10396
172861
144461
144462
145529
392262
252832
106694
209520
217216
194202
209518
250560
209517
144464
144465
217218
194201
250561
217219
191807
191578
55435
174684
120197
209516
217227
217220
106705
192357
150790
250564
217221
217222
106693
102291
89997
366523
266093
217223
217224
217226
209515
106692
145528
125237
194066
102290
153554
217238
10397
217239
217240
217228
250565
217243
106691
286959
217229
266094
209513
89998
217235
266096
10398
192096
250568
217232
102289
153813
106689
106688
179381
174688
55436
217233
250566
126088
145282
174689
217234
55437
250567
209512
209511
236503
161030
286957
392218
277742
250569
145283
217245
184354
402757
144468
106686
253508
217217
217247
153816
209510
268427
253509
253510
189666
191420
296677
296678
268430
296679
297538
298199
192281
145509
217241
145508
145507
145506
296680
380906
76558
145505
380903
296866
402758
252833
380905
296867
217248
217249
119889
126089
126090
119792
126092
126093
126094
217251
217253
194294
179379
248792
248791
184357
184358
248790
144471
119647
217258
184359
248789
129593
194200
217254
178928
184360
184361
217257
217255
144472
127479
139778
144473
217260
179378
192699
250573
217261
179057
106682
194199
192358
35281
106681
102288
184363
106680
106679
145527
106678
144474
102287
10402
184364
106677
150789
128750
121104
102286
102285
217264
139774
135093
179377
135092
179376
250577
106675
144476
217267
184366
179375
144475
192414
217268
135090
250581
174691
106674
10404
127731
127480
192752
192382
184368
126099
126101
126102
120910
126103
144479
126104
217272
194197
144480
126105
10407
106673
74656
144481
119578
126106
253155
179056
126107
7884
119716
239413
192700
192204
174693
119529
106672
106671
10408
106670
10409
179372
248568
179371
194198
217270
174694
217273
144483
192280
184370
102284
192650
217271
144484
144873
106669
18067
144485
248786
144486
248785
179370
217281
184372
184371
248784
144487
106668
144489
3651
248783
194295
179369
145526
184373
184374
119280
125145
192481
217275
217274
236501
172860
10410
217276
217278
217285
7883
106667
145280
145279
398303
232874
144490
150788
217282
184375
144491
135088
144492
268435
380902
192097
192673
35267
253148
296587
377858
253142
253141
217286
217287
268438
135043
135042
145525
82234
135040
252834
296258
179026
217288
18095
284391
191693
402759
234654
174765
19534
135038
247034
106663
32777
32773
145278
144495
32767
106664
144496
248782
102283
248490
217293
106662
184382
248781
144498
248566
192482
32766
135087
144499
106661
144500
184383
248780
179055
248488
144501
144502
248778
10413
217295
144504
7881
248776
7879
179054
192359
144506
106658
184385
106657
217297
248775
144507
179368
179367
192698
248773
184386
102282
55443
191666
106655
217304
217300
250599
129594
144509
144872
192098
127483
120883
128417
217305
248484
106653
248769
248768
150787
145524
253139
217303
102280
217310
194065
119763
126112
17734
144513
253137
253136
18068
106652
55445
34696
217307
245178
192623
179366
239425
250606
196737
106648
121124
127482
128416
248767
248766
232869
395101
