392223
239426
248764
191801
179365
55446
144514
121333
217306
325855
392241
169700
82233
217311
7878
55447
10417
7877
106642
217315
194195
18069
217316
217317
106645
217318
31488
31484
245173
7875
192535
217314
31478
232868
191422
189668
402760
47519
196740
76559
268449
380904
31477
135037
395098
298201
179009
392231
286953
278546
392155
161033
376329
153704
296681
377232
18096
34836
252835
235890
235889
298442
19532
18097
19530
217319
395093
299777
106641
191424
189670
174696
55448
236496
145277
191425
189671
10420
10421
10422
135086
139737
191888
184393
217327
184394
144518
250610
179364
144519
248762
144520
179363
248761
217329
144521
184395
144522
217336
179361
102277
217337
192099
191794
144523
106639
119621
248760
106638
144524
144525
144526
139725
106636
102275
191579
239428
239429
106635
250612
248759
217341
18070
217332
179359
179358
217333
194063
172858
248483
172857
209509
106633
179357
248756
217334
144529
144871
248754
217335
209508
54224
54223
144530
217348
144531
144532
144533
139717
209507
106631
106630
144534
144535
209506
34872
194194
209505
106629
106628
127485
194193
217339
217351
194192
144536
217346
217340
54222
248482
174698
10427
217353
194191
144537
184397
217354
184398
217343
217344
209504
392227
398316
184399
102274
144539
144540
217349
239435
253133
217350
395090
106627
144541
191515
106626
192100
106625
139710
209503
217362
144542
144543
144544
248750
153865
392229
152872
161034
248749
179356
248748
179355
102273
184400
236491
217365
102272
217355
250615
248747
248476
209502
106624
192101
144545
239439
191426
189672
106623
217367
144546
209501
106622
217358
194190
217359
250260
102271
209499
217360
209498
144547
217361
209497
144548
144549
144550
106620
250619
209496
106618
209495
217375
209494
209493
194189
217363
217364
209492
217370
217366
184402
209491
179353
106617
153156
191580
209490
184403
102270
209489
217369
250620
179352
144551
184404
194188
179351
217371
194186
150786
217372
217373
217374
209488
192061
247023
121147
121334
121025
121335
174706
102269
217380
102268
217381
135036
217376
135083
18257
402761
192692
144553
172854
298202
144552
153154
253431
18098
209485
194185
209484
57640
57641
82232
34842
296682
82231
82230
153153
57642
217384
398321
194184
217385
217386
194183
253627
377852
398322
377851
21357
235887
252836
30621
234653
57645
235883
217387
296683
174242
296684
296588
135033
298443
106614
106613
184408
102267
55451
184409
106611
184410
192102
144554
144555
248743
144556
10431
144557
127488
248740
248739
34688
106609
239448
217391
144559
144560
102265
217396
248738
248735
178929
184411
102264
192691
209483
145276
184412
144563
239452
106607
106606
179348
106605
102263
106615
102262
217392
10433
106603
184414
217393
217394
179346
194062
236486
179345
144562
236485
192682
106602
247020
217395
145275
209482
217397
192687
217398
248550
209481
189673
191427
236484
125223
119495
194182
144564
209480
106598
217400
236483
3664
217401
144566
102260
179343
184418
102259
184419
192686
54218
144565
106594
54217
55455
106593
184416
248481
106597
184421
184422
192103
191677
106596
184417
192689
184420
106595
106592
179342
179341
209479
54215
209478
209477
192688
106608
217406
179340
239464
184424
10434
174252
217402
82229
144567
325856
209476
54214
102258
248727
54213
248726
248725
144571
102257
184426
106590
184428
119524
102256
179339
267184
102255
179338
144570
106589
102254
106587
102253
102252
106586
217405
191889
217407
179337
236481
253628
106583
253118
150785
82228
235881
184430
184431
184432
379211
217410
235879
192397
192104
144573
144574
144575
233828
234650
234649
75255
112353
144577
253629
145520
395071
377846
217413
298005
234648
253220
82227
298551
298552
234647
57647
57648
252837
57650
57651
57652
234645
377844
217418
217416
247013
135081
217420
217421
106580
144579
102251
248722
248721
184434
217422
248719
106578
179336
184436
248717
144581
144582
144583
144584
144585
248480
144586
144587
144588
209475
106585
144589
217426
245159
144590
127889
144591
144592
194180
209474
209473
135080
247011
217431
135079
144593
144594
144595
144596
135078
217433
144599
144600
144601
217423
106575
184439
106576
184438
250636
106574
144602
144603
10435
144597
144604
10436
7870
144606
217425
144608
150784
209472
217439
144609
209471
392191
217430
144611
144605
179335
152876
184440
178930
248710
217432
209470
253221
253222
144607
209469
253223
217428
217435
209468
184442
179334
184444
250262
203662
253225
192105
253511
217438
248709
184446
248708
184447
248707
10438
248706
172852
248705
217441
217440
172851
217446
179333
236474
10439
245155
172850
236473
179332
34683
55036
184445
106572
184449
184450
55462
144612
80928
184448
179331
192681
55464
217453
217449
179330
217443
217444
179329
144613
144870
179053
102250
135077
191590
192106
174721
179052
192751
179051
150783
179050
209467
194179
179049
179048
191853
192107
209466
191854
209465
192108
217450
217451
119192
128477
127489
297541
217455
144869
106569
217452
248546
135031
106568
184453
144615
106567
217454
102249
209464
209463
7868
145273
209462
209461
192109
144616
232852
119365
128019
203666
144617
236469
144618
144619
144620
144621
217456
217457
209459
55466
135030
135029
268478
106565
297542
135028
170658
278535
120392
127890
196750
102182
21359
298205
127891
192413
120008
82225
247002
379210
233354
252838
82223
234638
234637
402762
179008
135027
402763
179007
179006
179005
179004
253427
179025
234635
297785
297786
217467
179328
106563
102248
102247
217464
248704
248703
248702
250653
144626
144627
250654
106562
179047
184457
144628
184458
144629
217465
144630
250655
106561
217470
191429
189675
144631
144632
191430
189676
144634
217472
106558
10442
172849
245154
127492
106557
217468
217469
144635
144636
144637
106556
209458
248697
7867
184460
106560
184461
106559
7866
248536
217477
192680
217478
106554
179325
192110
106553
192273
209457
106552
217476
191800
245153
55468
194178
209456
217479
144639
209455
250658
144640
144641
144642
144643
217474
144644
209454
217475
184463
144645
144646
209453
209452
144647
209451
209450
209449
209448
217484
209447
144648
144649
192112
209446
209445
144650
253117
217480
191799
253227
196751
47518
248691
253115
253114
253113
209444
10445
102246
102245
106549
18071
247603
248111
217481
102244
192113
193995
253109
144652
106551
184464
217483
144653
253106
246999
184465
106550
184467
253105
55469
248473
144654
253630
184468
248688
75252
76560
106547
18072
106546
102243
192115
106545
102242
192116
217486
217485
127419
217487
120270
144656
144655
144657
253103
144658
217488
106542
144659
236467
144660
144661
75251
382724
76561
102240
191708
179324
172847
246998
174254
121336
121242
193918
392169
169667
325821
278532
170637
286946
106539
102239
106538
192679
179323
174725
402764
236465
236464
144868
145265
144666
192117
192188
298444
102238
179024
253425
153812
112346
19525
82221
82220
402765
253631
402766
252839
402768
402767
298445
18099
296686
178934
102183
179001
18100
234633
37979
234631
253099
192118
191432
217490
144669
54208
54206
54207
217491
82219
179046
57657
57658
57659
34870
179023
144671
37978
179322
106537
184472
55038
246997
179318
217498
184473
37977
106535
179317
184475
179045
144674
10449
106534
217505
144675
144866
184474
145272
245147
248686
174733
184476
102237
217500
144679
217501
106529
10450
106528
10447
217502
54204
217503
144677
245144
102236
55478
245143
248544
184477
217504
174734
144681
144682
34840
106527
184478
144683
192119
18073
106526
144684
10451
144865
192120
191531
102235
245140
106525
392159
55479
106524
106523
217512
184480
194177
217506
129595
192124
144687
102234
152465
179315
106520
55480
250666
102233
179314
144686
55482
106519
179313
250667
170383
144689
169658
144690
10453
179311
106533
144691
106518
106532
106517
106531
253086
184481
106516
106515
102232
145517
246989
253084
144692
217508
184482
217509
18175
184483
106513
184484
106511
106512
106510
167826
55039
102231
106509
248563
217510
7861
106507
144695
179308
250675
179307
179306
106522
179305
106521
248110
247608
121148
121337
253077
121026
121338
179022
145271
377205
37976
253074
144864
57661
152271
253421
253420
253419
18101
253416
298206
377828
377827
395021
398346
18256
217513
55487
32757
32755
32752
32750
32749
32748
32734
184488
106506
192128
145270
144697
144696
144698
179304
217521
144699
179303
184489
217523
248680
217516
106505
248678
248677
106504
248675
7860
106503
106502
10455
217517
106501
248478
55490
55488
10456
144701
239496
183060
106500
247611
34675
217522
192131
191855
144702
179301
144703
54203
54202
144704
217520
121367
248674
102230
144705
106498
106497
102229
246982
248562
106496
10457
184493
179299
184492
248672
106495
144706
102228
106494
144714
184496
179298
144715
245137
144708
106493
192127
192672
102227
217525
106492
179297
217524
248670
248671
184498
10460
178931
248669
184499
144712
144716
248668
144717
245134
248667
248666
145269
248664
232831
232830
10463
179296
106491
106490
239498
184500
34437
172843
144720
247616
106489
144721
144718
179295
144719
253069
144863
167821
144724
144725
248661
153108
179044
10464
217526
144862
102225
167818
144726
106488
184501
106484
31468
248658
144723
31466
34428
31463
127202
119311
250678
31460
106481
31459
106480
31458
32731
106479
31281
217528
144707
106478
184502
55497
248657
144727
239500
192133
250679
106476
286940
326384
169644
170565
106475
55499
102224
10465
144711
102223
217532
55501
31444
127495
55503
144713
106472
34430
184503
184504
119523
253413
144730
55504
145268
145266
179292
144729
253068
106466
19520
145267
299599
235855
192134
192671
94110
106487
57662
106486
106485
57663
253409
106483
106482
153811
402701
380901
76566
253406
253404
296590
196755
380899
253064
296591
377824
253402
395004
253401
299840
298207
253400
144860
235853
253399
253398
179021
31441
235851
296687
402769
106461
144735
139605
144734
139596
184510
102222
144736
192137
217542
144738
144739
34418
144740
192136
106459
192139
209442
34416
248650
209441
34415
144742
144743
144746
192140
144744
144748
248647
239507
144749
179043
144750
144751
217536
144752
217539
10469
55045
118039
209440
34413
144753
209437
209436
209435
209434
192143
179290
106454
248645
144756
184511
54189
184512
144757
144759
248644
184513
106451
144755
144754
106450
106449
144760
144761
144758
106448
217553
34409
127496
217541
144762
192142
194176
102218
102217
102219
248642
144764
179289
179288
106446
217549
217546
144765
144766
144767
217550
192145
217551
217552
209431
34403
209429
144769
209428
217543
179287
144770
144771
127497
217547
144772
232819
144773
10473
184515
106444
248477
54185
106443
54184
248579
34667
217548
54183
34397
145516
392140
192144
191532
248639
34398
178932
184516
248638
248637
102215
232816
253060
253059
217560
253058
248535
217561
144775
253393
184518
249911
248534
248533
144776
217562
139559
144777
106440
184517
144778
184519
217565
144779
217564
144781
144782
267318
144783
144784
217556
217566
217557
217567
217568
192148
253057
192272
192150
217559
156408
250983
144787
102212
217569
248532
192149
217555
217570
184520
184521
10476
106434
392138
106433
250688
55519
106432
135014
179283
10477
76570
235847
179020
297025
253048
135015
57677
253388
253387
253384
298008
253383
184522
29493
153810
29529
252840
217574
217576
144789
1611
10478
253381
253042
57681
57682
34837
57683
253380
29965
296688
192016
192154
55053
106430
144790
184524
55523
324898
10480
102211
102210
102209
250691
179282
144792
184529
192156
192769
34383
54179
248577
248578
54180
184530
249912
34382
10481
324899
118040
239510
55525
144793
247627
106429
184531
34381
217581
144794
217595
55527
144796
126116
120375
217587
106428
54178
144797
144798
192158
191533
144799
102208
106427
217579
34379
250695
144800
184532
34378
250696
106426
10483
217580
144813
184534
10484
118042
184536
106422
10487
118044
106424
10485
10486
118041
106423
184533
118043
184535
106425
106421
248108
247629
248107
247630
239512
34377
324901
249914
55530
144805
144806
34376
324902
239511
55531
249915
324903
55533
144807
249917
249916
144808
239514
239513
55532
34374
34375
324904
248630
217583
144809
217596
217585
217586
144811
248628
178933
184537
217589
217599
106419
106418
7858
184538
248627
139541
144816
10488
106420
217609
121112
128478
10489
192161
192515
144814
217590
193996
192160
217592
10490
217593
217594
217607
217597
192168
217608
253379
192163
194175
170370
325780
179280
106413
10494
10493
106414
217601
253378
55538
106412
144819
10491
184541
106417
217603
126117
120064
184542
10492
106416
102207
54174
144822
192162
191707
144824
144823
144825
217613
144826
192165
217605
144827
394984
398363
233784
10497
144828
233783
128598
192164
192626
144829
144830
217610
10498
239516
184546
249920
55540
324907
34356
106409
144831
253377
245114
10495
324910
34354
55542
106410
184545
217618
174266
203710
172835
217619
55543
174742
106405
248619
248618
253039
250700
106403
10502
102202
127500
128092
120918
246972
106402
184548
184549
127501
10503
102201
184550
250703
106406
184547
10500
126120
126119
119857
296689
94107
217616
127502
192172
126121
126122
179278
179279
10505
217623
217620
253369
144838
192175
57686
57687
106401
192173
217602
106400
192177
144839
144840
57688
144841
217625
144843
253364
184552
235844
235843
37281
37280
144845
235841
37283
37282
235842
253031
253363
217624
144846
253362
19519
298210
184553
179042
398367
253360
57692
298211
235839
37284
102184
297787
184557
179019
248617
212959
193997
212960
144859
106397
135065
156418
250993
191534
192338
212961
194174
212962
212964
212965
55555
248610
248106
212969
193998
253352
248608
253350
212972
47517
196760
250391
156372
253348
248607
212967
212968
232801
394972
398369
55557
55558
253347
253345
212970
120991
127201
278512
160695
392103
162619
287518
128650
253344
119974
128651
212977
212971
194173
248606
248605
212973
174745
253341
248604
253340
212975
174746
135064
253339
127054
121146
212978
194172
253337
192668
128652
178984
253336
232799
253335
366403
391905
135018
233338
153155
232798
253331
394964
398370
82211
253330
253329
128654
121004
253327
402771
253326
253324
280037
267313
294607
362368
19517
19516
19515
19514
235833
296690
402702
178997
19513
37967
209425
194171
209422
212991
212983
55567
212988
135063
212992
212993
54171
194170
212994
194061
32726
54170
55573
55575
144858
213000
125437
212996
54168
212997
34649
212998
195581
382726
75248
172830
34645
172829
174755
55584
145515
245110
213001
156425
251000
213003
213009
174758
174761
213004
213005
213006
135017
19510
57695
31436
235828
299500
235827
57696
297026
57698
178998
19505
178999
19504
402772
235826
145501
191798
299602
402704
296691
297861
192456
120211
125173
213019
213023
156427
251002
209421
194169
213021
213022
194168
213025
191795
127938
120350
128574
246955
213028
213031
246944
250388
156369
251004
191535
156429
193999
213030
57703
194000
192516
251006
156431
213035
213036
194060
156432
251007
192665
380898
76572
402773
155663
398391
299841
402774
21382
19501
298446
296692
19500
298009
128575
125443
125445
119726
119628
125448
125449
119390
125450
128418
119438
192770
213042
213045
213043
213044
213047
213048
213061
213050
213046
57705
128576
120641
192589
213056
121291
213057
125144
19499
192590
213052
19498
19497
213054
213059
213062
296693
251012
156437
125452
119486
213060
213064
156438
251013
398396
402775
19496
19495
19494
18255
179003
398399
398400
19493
299842
21380
296694
125454
125455
213071
213095
213072
192664
191536
213078
246932
213080
127200
213081
213079
213082
213085
213076
19492
19491
213083
251017
156442
246930
19489
31426
213089
191856
57712
251018
156443
125456
156444
251019
191857
194166
213088
191858
31425
102181
402776
297788
296695
296290
296696
298553
192455
213096
125457
119318
246928
246927
209417
121230
213103
213099
213100
192662
213101
128728
251022
156447
156448
251023
213107
37285
235810
127055
121170
191591
194001
125461
19487
192339
213109
82209
128899
398414
213108
75243
213106
75242
75241
19486
75239
57713
19484
297027
19482
296697
31419
31416
31415
31412
31410
31401
31400
119807
127977
192454
128577
125462
213113
194267
213114
213121
213117
251024
156449
213115
213118
194165
213119
213125
213122
213124
213120
213126
213127
213128
213130
213129
251027
156452
213135
94084
125464
213131
120107
127804
192381
47516
196770
112323
213133
213138
194002
31394
127805
120954
209415
209414
213137
235797
213140
128419
402778
30619
94082
213142
209412
209411
209410
213143
209409
209408
213144
94078
296592
209407
209406
209405
209404
57715
402779
213146
94077
299606
179000
155664
297028
81325
179002
235791
298216
398431
298217
234625
213147
379200
213149
235786
19478
33956
213150
402780
402781
402782
298218
298011
297030
296291
213151
213152
194164
156456
251031
213153
156457
251032
209403
192591
213154
18153
213156
127363
76574
31393
57721
176525
196774
194059
213155
191537
156458
251033
19477
57724
251035
156460
213158
125175
19476
398435
127806
120956
213162
209401
57725
209398
213164
209397
194003
213165
213166
398436
213163
178996
194163
209393
209390
209389
209388
213169
112315
209387
135013
57727
178995
75238
213167
297033
297546
178994
402783
298219
178993
127361
19475
75237
234758
297034
296698
127800
193972
297862
402784
191626
125162
51225
125465
120489
194162
125177
251036
156461
192592
213175
213171
127199
156462
251037
213177
192189
213173
156464
251039
213176
213178
213180
213181
178992
251040
156465
398924
213179
213184
213186
209385
251041
156466
398442
30618
156467
251042
30617
213188
213189
30616
209384
156469
251044
209383
213190
213191
213198
118414
127445
51226
209382
82208
209380
125164
209379
192593
213193
209378
191641
191538
299607
30614
30613
234616
297547
127193
213201
398445
298220
192184
298221
298222
268617
402785
158531
268618
256575
75234
191627
398448
81323
57729
57730
121207
297035
298223
51227
118884
51228
298224
51229
297548
251049
156474
191539
213202
213204
192341
213205
213213
213212
191705
213209
194161
156478
251053
213210
156480
251055
127056
121094
121219
75232
213220
213215
178991
125466
213216
127057
213217
121095
213218
194160
251058
156483
196778
156484
251059
251060
156485
129017
213219
191541
251061
119999
128420
156486
119706
127807
120125
193917
127939
213222
156490
251065
127808
192380
120958
209377
209375
209374
209373
209371
194004
213225
209370
209368
191628
209367
256975
296699
235750
192323
298557
172517
75229
51084
48344
191703
190001
155638
75228
234610
209366
209365
297036
30611
127043
296593
121206
257117
402787
51230
118415
127044
155639
190020
193914
51231
296700
128373
127801
127926
297037
50894
127802
192379
193973
298012
128966
296595
296292
213234
213237
213271
213230
213231
121217
120441
121216
213232
213233
213238
213239
127940
213240
120015
194005
121037
127058
192206
192453
213242
128421
119961
213243
30610
213244
82207
30609
213252
213254
256978
213247
213250
213253
75224
194006
296596
296876
191435
51232
121214
209364
155665
120844
125178
121204
121203
191483
190268
51233
195574
193974
298225
127927
51234
234607
398464
51389
127045
296702
189991
192205
192447
128374
296598
213256
299501
298226
193975
296703
51235
48346
51236
297789
297790
121201
125165
209363
209362
209361
51237
213257
213258
194159
213260
191754
213265
213272
213267
194058
194158
213268
213269
213270
192771
191704
213277
213274
213280
213275
209360
209358
37960
37959
213287
21376
191592
213278
213279
213289
192656
194153
213282
213291
121231
194157
234605
234604
194156
213284
75222
213285
194155
178990
213286
37957
398470
21374
119756
129018
213288
194154
191542
21373
299609
298227
51377
213294
209357
402788
234602
213296
57735
51238
299327
194152
213299
192654
30607
102180
21372
48347
135012
190017
192766
190002
191702
235720
398474
299328
234598
48348
191583
296704
128967
51239
298228
121221
297038
213301
194057
298229
194151
194150
213305
213302
213306
194007
213304
213309
209356
209355
209354
127449
120210
209353
209352
194149
213307
75221
213308
213312
213310
213311
30606
127450
76578
194148
192452
213317
209351
125467
213313
209349
209347
213322
209344
19473
192412
213318
194008
30605
213319
209343
129019
121068
30604
268644
213321
193976
30603
213323
213324
298230
21368
298013
298231
298232
402789
298559
213326
234595
30602
297550
296068
213327
192446
298234
118416
213329
194147
51411
21367
193977
128968
127452
120537
191449
191793
297955
213332
213336
192594
213334
213335
213338
30601
192652
194144
235711
112295
194268
194146
213341
18254
213342
51412
30599
213344
234593
234759
30597
30596
297551
299816
76579
380897
296069
297552
191448
57739
297864
297553
195573
190575
192190
299611
299612
30595
398942
273614
213346
33946
51241
51378
51242
33954
298236
298237
51244
298238
192185
209337
213349
192772
209336
209335
213351
209334
213353
213355
194143
213352
213354
213356
73646
21366
112288
31392
30593
37956
37955
37954
37952
194142
120960
129020
112287
191543
128422
120419
379193
298239
135011
402705
51245
30592
192767
296705
57743
398943
135009
398485
298240
235701
235700
73645
297865
244419
192271
296706
235698
297039
128969
297040
128375
33955
51247
402706
402707
51413
192234
213360
192627
192493
209333
209331
209330
209329
209327
213362
127943
213366
209326
213363
30589
30588
178989
191544
128423
2310
234584
125469
213367
51248
178988
213368
191753
213370
81321
21365
75216
21364
209325
21363
213371
51379
192488
79042
94053
155666
127929
296878
297791
128376
298244
402791
118418
298245
125470
209324
209323
191436
118419
206508
206507
125473
121096
213372
57747
118422
191593
192191
213375
191584
120706
134189
129021
191464
213378
194141
213381
192186
213379
213380
213382
128729
18253
150901
2305
273590
191546
213384
213386
121249
191752
213387
18251
18252
191594
192062
30581
296880
235680
134183
128970
30580
296881
297866
299615
19471
273580
19469
235678
296295
296260
296294
402436
297041
75212
209321
94037
94036
194140
209320
94035
296296
209319
120606
125179
194139
209318
94034
2307
94033
398494
297042
209317
128718
297043
297792
121246
298247
299616
297793
297044
297867
297868
191585
298015
33952
297869
297870
297871
206505
206504
51250
125166
51251
206503
206502
206501
213393
213389
194138
194137
213391
213392
192595
129022
194131
194136
194135
213394
213397
194055
213395
209316
194134
209315
194133
209314
194132
209313
213401
213396
273576
82205
213398
194129
213409
213399
235675
191806
18250
196795
30576
235674
194130
213402
192450
33950
380896
76580
296432
299618
73307
178987
234760
178962
30574
128971
30573
298249
297794
30572
30571
206500
206499
297045
206498
206497
298463
191173
192444
213408
194009
213407
33949
33948
193978
298251
125474
125475
120312
125476
213410
125478
191797
213415
125479
213411
213412
213419
126795
126797
126796
126798
119799
213420
213416
213421
213417
209312
194128
209309
194127
209308
213423
213422
213424
194010
209305
112280
213432
213433
213426
209304
213428
178986
18249
213429
209302
194126
213438
194124
213427
209301
178985
213430
209300
194125
234573
125483
213435
192596
213443
194123
192065
19467
213444
213440
72338
213439
192628
72335
213442
298252
37946
191460
297872
126765
126766
126767
126768
298254
298253
402792
213449
297046
206496
297873
51223
298256
206494
193979
297047
297048
297874
206492
398499
298257
206491
206490
206489
206488
73643
81320
82203
298258
297049
298261
297050
298262
296358
298263
125484
125485
125486
119582
125487
119545
125488
194053
125491
125492
213452
192066
194122
213453
191458
213459
194011
213454
213460
209296
194121
209294
209292
213455
213462
213456
209291
194012
213458
209290
209289
209288
213467
209287
125493
18248
194120
209286
209285
209284
213463
209283
209282
213466
19466
194119
82202
213468
213469
213470
73304
72333
82201
213472
121232
209281
213473
121233
121038
194118
209280
209279
213474
192598
128578
128424
213475
194117
121234
213479
213476
213481
213477
209278
192068
121039
118423
125494
213483
118424
209277
194116
118425
213484
213478
120165
129023
194115
118428
209275
209276
209274
194114
213480
209273
213482
297795
193980
193981
155640
155641
206487
206485
296359
206484
297796
206483
297051
297052
213485
296707
206482
206481
206480
206479
118429
297797
206478
206477
206476
206475
206473
206474
297798
298266
296708
121222
296709
296710
206472
121223
298267
206471
206470
402793
128562
402794
128377
121224
298268
206469
118430
206468
128972
206466
206467
206465
296885
298269
206464
195580
195579
195578
195577
195576
195575
192344
191438
195572
195571
195570
195569
195568
195567
192326
209270
213488
209269
125497
120520
125498
120241
125499
213489
119599
213494
213495
213491
209268
209266
209265
206461
206460
118433
118434
118435
206459
21432
296711
206457
206456
125500
125501
125502
213499
125503
213500
213501
192071
213502
192517
128425
119289
213503
209264
213514
209263
213517
213507
213508
191796
194113
213510
213511
213513
213515
209262
209261
209260
209259
213516
194052
213518
213519
19464
19463
213522
213523
209257
213524
120754
125505
213525
213526
209256
209255
213527
213537
213529
213531
209254
213528
118436
209253
209252
213541
125506
120757
209251
213538
118437
213539
194051
209247
191547
57758
37942
209246
398505
213540
118438
234569
128378
192509
398506
234568
37941
206455
206454
209244
19462
19461
206453
206452
206451
206450
155642
296712
402795
206448
118440
206447
206446
208215
195566
208216
208218
206445
402796
206444
206443
118441
206442
208223
191100
208224
206438
206437
208225
208226
213542
213543
213550
194111
121235
213546
213547
120464
125507
209243
206435
213548
209241
209240
213555
121236
194109
193922
194050
213551
21391
209239
213552
194110
209237
213553
209236
209235
209234
213556
209233
209232
194107
121237
213557
213558
194106
194108
213562
213563
209229
398509
213564
197875
213568
234761
398510
192072
398511
213566
209223
76581
380895
282095
282094
194104
125180
120306
209216
19460
398964
208227
19459
120653
120742
128426
128655
209213
209211
191751
128427
194049
120324
213573
398513
398514
213575
208228
128915
191439
213582
120001
128428
194048
213578
121225
208230
118442
206434
76582
206432
208231
206431
213579
121213
194103
18247
193920
209209
34103
209208
209207
120517
127059
208232
19458
34104
206430
208233
191456
206428
208234
206427
121226
206425
206424
206423
206422
121227
208236
191101
191454
208239
206420
208240
298021
206414
209205
209204
128379
208242
125167
206409
121184
128648
206407
206405
128912
128380
208245
191102
128381
121200
208246
206404
206403
206402
127046
209203
125509
119819
213583
121212
120492
213585
194047
120498
125510
209202
209199
213584
213586
213593
213594
213597
213598
213595
213600
194102
213588
129025
125511
119816
192629
213602
213603
213589
206400
206399
209198
209197
213590
209195
213605
209193
209192
209191
209190
209188
209189
209187
213606
213607
31387
213608
213609
213610
31385
30570
193951
209186
244418
209185
244416
30569
209184
194101
194269
33958
209183
209182
191453
213611
297799
213612
128430
128429
209180
213621
194100
213616
213615
191452
213623
213624
213618
31383
206398
209179
213614
118444
213619
208249
121199
208250
209177
213617
209176
121185
118445
297800
209172
209170
57763
209169
194099
297801
118446
128974
297802
75204
30562
18246
21390
30561
37929
299331
244415
18245
178983
208252
72320
208255
208256
208258
297053
30560
30558
21426
208260
192467
213625
82198
190293
193940
299503
208261
208262
128382
128383
208263
208264
51252
208267
208265
208266
208268
208269
208270
208271
208272
192270
192630
192074
208273
213632
213628
125514
213631
213636
213629
192019
213633
213638
21425
30557
298271
19455
298272
209167
209166
209165
235616
178982
209164
191450
213639
209162
192075
57764
57765
213642
191750
128431
119593
213643
120675
128432
127060
121141
213653
209161
213646
213647
209160
37926
213649
213650
194046
192233
209159
213658
209158
192599
299626
213659
208275
31379
118449
208276
172555
274100
296034
30553
18244
30552
398524
30551
208278
191999
190231
398970
213660
213648
208281
208282
402797
51169
128402
128384
127047
208286
208287
208288
191103
51170
208289
208292
213662
119777
213664
126799
191749
213665
119881
126800
125515
119899
120137
125516
192076
213668
213669
213675
213676
213677
213679
192077
213670
213671
213680
213672
213674
213685
82196
296713
82195
213681
296714
398530
213683
213682
191748
30549
119577
126804
191747
194271
30548
30547
213688
194097
213699
209157
213691
244402
82194
81318
82193
213692
213704
209156
120805
194098
125181
213693
209155
213694
209154
209152
209153
267228
298022
398532
213696
208297
209151
213697
299632
208298
126769
192078
213702
208299
82192
126770
82191
126805
213703
119896
191746
118450
80914
80913
118451
296072
297556
30545
296715
34831
178981
18243
296716
155644
75196
21389
30544
244401
380889
76584
208300
51253
208301
208302
155645
296717
208303
208304
82188
19453
296718
398533
298277
208305
51174
208306
208307
208308
33944
296719
155646
297054
126774
33942
208309
208312
125168
51254
208313
208314
208315
121228
208319
126775
208320
213705
125518
125519
118453
118454
21421
38115
120854
126806
213709
213710
213712
213714
213708
213718
213713
80912
213720
18242
213715
213716
213717
297557
296073
209150
19452
299634
244392
209149
209148
57769
213725
398979
30542
213730
213721
209147
244387
244386
209146
213733
213722
213734
213723
213724
213735
129027
209145
81317
82187
209144
18089
213728
33941
213738
213731
213736
126776
213740
209143
213739
209142
209141
82185
213741
30540
213742
335999
143965
398538
21419
21417
398981
208321
51175
208323
34829
57773
81304
57775
208324
208326
208325
21416
299905
299333
208327
33940
208329
208330
51179
208331
128976
208334
51166
208336
208338
33939
208339
208341
208342
213744
213745
213752
213748
119235
213749
125525
213750
213753
213751
213756
213758
213759
213761
213764
213760
209140
209138
213765
129028
209137
209136
213767
192081
127061
121175
213755
213770
209135
213757
209134
398546
209133
209132
213772
209130
209129
213763
209128
209127
57776
299803
213777
178980
213769
145496
209126
213771
298023
209124
213773
213775
125527
213776
213781
213778
125182
213782
38109
57777
171792
155647
208343
213784
299335
18241
82184
208344
213783
57779
118460
213787
209123
125183
209122
155648
33930
213788
213785
192082
235568
208346
51181
380888
76587
75187
88130
51182
128977
75186
51183
127048
208348
51184
208349
208350
208351
135192
296720
208352
208353
51185
208355
33934
208356
33935
208357
118462
125169
208359
51180
125170
208360
125529
125530
119966
213789
208362
213792
192449
213793
213791
120250
127461
127462
213796
213797
213798
213794
209121
209120
398553
155649
296721
155650
155651
37550
297558
296074
213804
213801
81308
81309
81310
81311
81313
81312
81314
81316
21412
21411
127464
296075
297559
213810
213811
30538
213803
296076
297560
192085
209118
209117
213807
296374
209115
128434
298024
235564
209113
213805
21409
21408
57780
379185
57782
118464
209112
21407
118465
213806
297561
296077
30536
192086
18240
213813
171793
21406
209110
209109
30535
209108
209107
209106
192443
127466
119380
298280
127467
119697
51399
398556
125184
209105
30533
82180
209101
199850
158419
297055
57784
244375
208363
213817
208365
88122
75182
380885
76588
244374
208366
298282
213815
208369
51186
128403
208370
51187
208371
208373
51176
51177
128716
125171
51188
208374
208376
213819
125532
213825
213824
209100
213821
209098
127470
209099
209097
208378
120849
127471
213822
213823
121209
127469
192092
213832
213830
213828
128579
192090
213826
213829
209096
125534
125536
125537
213833
192091
213831
213836
209095
121208
209093
128435
120969
213839
299639
209092
209091
31371
31370
299640
192020
213834
213835
57786
192095
193952
155652
31369
213837
209089
209088
209087
209086
19444
244371
57787
299336
398561
213827
209085
298283
57789
57790
209083
298447
57791
30530
299337
192089
118467
208379
244366
298448
21404
19443
298449
19442
51189
297562
296078
155653
208381
208380
121196
171795
208382
208383
57793
128563
208385
208384
118469
118471
19441
19440
118472
171797
298450
208387
121195
128386
189976
208388
192000
193941
190292
208389
208390
213841
209082
213845
209081
209080
213842
213843
209079
213844
213846
213848
213850
118413
19439
213847
75178
88110
88109
273515
299641
213849
75177
298284
299642
38104
155654
296722
51224
51171
51375
213851
192508
213852
298025
213853
213854
213858
379177
19435
33928
19434
213855
297056
379173
213859
297882
297567
296083
213857
19433
19432
297057
297058
128372
298285
19431
19430
129654
129655
128717
244359
51172
19428
208392
118051
129672
34821
398575
30524
296723
33922
208393
297059
208394
209078
209077
402799
209076
209075
208395
208396
208397
208398
208399
209074
209072
213860
209071
296299
155655
296724
296725
125160
155656
48310
209068
209067
213861
125161
155657
296726
296727
296728
213865
213863
213866
209066
209065
209064
213868
118409
209062
88093
118408
209061
209060
209059
213867
209058
213870
244355
19427
51162
209057
19426
30523
296889
244354
21402
38098
209055
209054
30521
244353
51401
298288
209053
244352
296729
209052
297060
379172
51352
213875
234532
213877
244349
213878
209051
80907
76592
209050
21401
51163
125158
299338
296730
30518
208401
209047
209046
18116
21400
398586
125130
208402
208403
208405
208407
208409
213882
213881
213890
213883
213885
209045
213886
213888
213884
213895
213889
213896
209044
213897
213893
213894
213899
209043
209042
51402
213898
296375
209039
75173
30515
51173
75172
213910
209038
213901
213900
209037
209036
33929
199840
81299
213915
209033
209032
30513
213904
213916
213905
296732
213909
298026
213918
81300
19421
38092
213911
213912
51164
51403
21399
297883
209031
209029
209030
208411
121220
73135
73642
208412
192765
208413
244343
208414
208415
296733
125159
76593
88077
380886
208416
208417
208418
298289
51165
73302
298290
208420
297884
297061
208421
118405
296734
208423
208424
208425
208426
208427
208428
208431
208433
208434
208435
208436
208439
213922
213927
213924
213929
213925
213926
213933
213930
213932
213934
209027
118404
51404
118403
213935
213936
299647
30511
209026
30510
31364
234762
118402
297062
128714
213938
234518
213942
38090
193971
298291
213943
128351
19416
213941
213945
51190
244336
128045
208442
213946
121192
209025
38088
208443
296735
209024
80906
208444
80905
128561
178979
80904
80903
208446
88064
80902
402802
208447
208448
296737
30507
30506
208449
30505
31362
30504
244335
298292
208450
208451
296738
208452
402804
208455
82175
299648
7503
209022
213952
213948
213949
213950
209021
209020
209018
213951
72315
118400
118399
118397
213958
213959
213955
43849
213956
31360
30503
30502
299649
19409
19408
299650
21385
21384
81296
299843
244332
30501
30500
30499
209015
213966
209014
19405
234515
21398
234514
213963
209013
297063
155658
213969
213961
213970
30498
399005
244329
143964
192507
213965
209011
209012
209009
209008
213967
296300
213964
209007
213971
296739
51079
19404
298293
94013
94010
30497
208456
297064
30496
7504
51194
299652
208457
171799
299653
296740
208458
244328
30494
296085
297569
73712
128401
244327
101866
208461
208462
208464
208465
208466
208467
208469
208470
213978
213976
213974
213980
213977
213975
213979
155659
155660
193939
191899
299655
128715
30493
244324
213983
213981
51366
213982
38082
76594
380887
88044
213985
73711
80900
213987
213988
191475
297065
208472
145491
31355
18239
244322
297066
208473
296741
82172
94008
297067
208474
297068
94006
297573
296089
398615
299342
191138
298296
298297
244318
298027
297069
127974
208475
208476
299656
208477
208478
7510
7511
213990
213991
31353
82171
234509
82170
208479
213995
214005
213996
209004
209003
209002
209001
208999
209000
208998
208997
213998
214024
214011
208996
214000
214001
208995
214017
208994
214003
214018
214006
213997
213999
214007
208993
214015
214010
214004
191773
208992
208991
208990
208989
208988
214013
214014
208987
214035
214016
208986
208985
214037
214019
214021
214022
214026
297887
214028
214041
208984
208983
158437
208982
214029
208981
214043
208980
208979
296092
297576
234506
51195
296742
208978
214045
214034
57795
38079
38078
214036
21395
75165
208977
214030
158439
208976
79524
214051
296743
18238
208974
214046
208973
268780
214044
296093
297577
208972
214053
208971
214047
208970
299657
208968
51196
121193
80899
81292
214049
214048
208966
208967
51220
76595
88024
380884
214052
208965
80898
73641
234504
51201
82168
366941
82167
191478
190269
244311
208480
366942
51376
192764
214054
30488
177068
214055
214056
51221
80896
214057
208482
178978
125157
21394
51388
244309
51351
208484
88021
297578
296094
294862
398623
111874
158445
296095
297579
208485
121194
208486
208487
208490
208495
208496
402805
208499
208501
208502
208964
214059
208961
208960
208959
214060
208958
208957
214064
214061
214066
214062
214063
208955
214069
298298
214077
51192
214074
214075
208949
214073
208947
214078
178977
234501
82165
214079
214080
208946
208945
208944
208943
208942
208941
208940
235470
38065
214084
298299
297070
57802
38062
208939
214082
19397
19396
208938
214085
208936
299505
214086
208503
30486
158453
214087
208504
51387
82164
82163
208935
214088
214089
19394
19393
296096
297580
19392
82162
199841
234498
234497
192232
296744
398631
234496
82160
190018
192763
235462
155661
171800
51193
297071
298029
208509
402832
208510
178976
297889
37533
299817
236333
235460
208512
127040
38054
30481
82158
51405
48333
191162
193970
73640
192227
51408
30480
297581
296097
208513
82156
81289
234495
48332
51218
380058
380882
76596
88010
57805
193969
208515
191481
51202
208516
111867
158327
380056
398634
134207
297072
208519
118323
118322
244296
244295
244294
118320
208520
208521
192228
244293
190271
191482
191477
190272
235453
112230
82155
172518
208523
48309
234492
208524
191772
208525
199842
57806
7517
299659
128713
51167
30479
299660
299661
178974
235450
128560
51168
30477
379164
30476
235449
30474
112229
51197
18634
244292
296100
297584
51198
191771
51349
235446
192229
51406
244289
192230
51199
34815
51400
398643
192231
51200
51407
30472
208529
380883
76597
87993
208530
192224
192225
398644
76598
87986
75157
18718
31348
298302
297890
297073
208532
192226
80892
21445
208533
51080
128961
208534
296745
171806
178975
18236
297074
298303
296101
297585
75155
380830
382601
87971
76599
296301
191140
18237
178973
299662
30466
18633
57813
296434
297075
298304
298562
72272
208537
208538
234486
297586
296102
208540
72268
93989
57822
18636
82149
296302
87965
75154
191141
234484
72267
208541
191104
191142
208542
296746
244281
297587
296103
208543
191991
190229
30464
199843
208551
208575
178972
18234
208548
118394
299844
297076
30463
118318
118317
118316
19391
192487
208562
51178
208555
51203
171809
191163
72261
82147
208556
208557
82146
297077
234480
158335
81281
208558
30459
299818
158336
199861
19389
73133
73132
193967
18632
208565
379159
118315
118314
118313
51206
118312
208566
192221
51409
208567
118311
57824
38049
57826
208570
57827
57828
125156
51207
192223
208576
208577
51208
192222
19387
51209
208563
49712
193938
191900
49711
49710
208579
49709
82145
18631
208580
118392
49708
49707
178971
18235
38048
19386
49706
19385
19384
296105
297589
19383
49705
49704
298034
296305
208581
178969
178970
38046
49703
49702
192362
298306
29960
30454
19380
31341
51210
208583
244263
235401
19378
19377
30453
30452
30451
399036
18110
208585
58508
121189
35265
51204
127858
49701
208587
49700
208588
49699
49698
49697
49696
49695
49693
49692
49691
208589
49690
299663
38043
38042
19375
49687
19373
72248
49685
297805
51205
49684
51211
208590
80887
208591
19372
18630
299664
128709
208592
118389
128710
49683
208594
49682
81286
208596
296306
244257
296307
51212
49681
398670
49680
21488
234472
80885
81287
38039
234470
58509
234469
244254
192218
297078
49679
49678
49677
49676
7530
191997
49674
190228
208600
125154
208602
51410
192219
49672
80884
49671
49670
235387
297592
296108
112217
112215
112214
18233
178968
112213
38036
38035
38034
296109
297593
234763
208605
93984
234764
297079
30438
208607
49669
80883
51214
80882
297080
379157
49668
208608
244251
380041
273472
19370
19369
19368
208609
208611
158338
208626
208612
21444
18629
366791
299350
379155
81280
72245
208614
21446
49667
208615
208616
30436
208617
38030
93980
82138
128711
30435
244248
82137
18232
208620
298035
298563
18231
208622
296747
299351
296748
208623
208624
51216
380040
208628
192220
49666
299665
49663
49661
49659
49656
49655
49654
49653
34093
49652
49650
49649
49647
49646
49645
49642
49640
49639
128958
49638
208629
191581
49637
19367
49634
49633
19365
19364
49632
49631
19361
49630
49629
49625
49624
49623
49621
49617
49616
49615
298466
82136
118387
127407
207974
49613
49612
49611
49610
49609
49606
49603
208630
51161
49602
49601
49599
208632
80881
31338
235373
18230
18229
