118385
82135
208634
51395
199852
208635
81279
31070
82134
244239
29959
57830
82133
57831
49598
49597
234461
298467
51160
49595
49594
49592
49591
296110
297594
234460
234458
30431
49589
49588
49587
30428
299805
30427
380036
93976
118384
49585
171814
49584
19359
29527
49583
49581
19357
49580
49579
380034
82131
398680
398681
21447
118383
127404
118382
127405
18226
178967
49576
49575
127403
118379
178965
49573
80878
298307
118378
118377
121190
49571
49570
18227
178966
18228
49569
21448
49568
244235
30423
30422
191582
208638
30420
19356
30418
57833
19355
93972
21442
30417
21443
380024
127039
194259
21441
118376
51153
208639
127117
399047
21440
298308
49567
51386
51157
299807
49565
299808
49564
19354
19353
118375
380880
76605
87887
51155
51154
80877
298309
21439
244234
244233
30416
30415
19351
380881
87885
76606
51152
82130
82129
82128
57834
30412
18322
18626
30410
208641
402688
380018
234453
38021
380015
38020
235351
121191
208644
49560
49559
118373
49558
49556
49555
171816
18622
30407
49550
380010
235350
125129
190227
191994
49549
191164
191145
51151
49547
49546
49545
49544
19350
299352
30405
30404
297807
19349
19348
296111
297595
71499
82126
125155
298037
298038
81277
30403
51145
51396
51397
192217
51148
18670
30402
189819
93968
93967
93966
93965
93964
93963
296308
51149
380005
51146
297891
19344
297596
296112
58512
380001
57839
57840
19343
51147
244215
299666
299667
208647
298310
51398
244214
82125
51142
296749
51143
73131
296113
297597
51144
30400
30398
72232
48379
80873
51394
208650
51141
296750
30397
7548
192214
30396
193937
191901
81275
128963
296751
51062
208652
128962
51063
128993
192216
51393
299353
51064
30395
192405
127857
49543
80872
49539
49538
49536
50970
208659
19341
19340
379987
82124
80871
18625
49534
82123
51385
235330
82122
362415
81276
87845
76610
257111
284710
268883
366769
299354
118048
189866
128964
51060
235324
127925
402714
208661
402147
379984
208662
51126
51127
51128
50900
208663
51129
208664
51130
208665
51131
189818
7279
51054
118371
118370
118369
296896
296897
118368
118367
118362
49531
49530
49529
49528
49527
49526
49525
49524
49522
49520
51139
29956
191995
189977
379979
244210
296309
126764
128708
49517
118359
49516
49515
49514
118358
366761
76612
75130
87830
380877
49513
171817
171818
244205
80869
125225
49512
296310
18621
192506
208667
93959
49511
118356
208668
298312
298313
296752
128959
208669
118355
299355
296753
51123
49510
191701
190003
128960
51119
297808
49509
73037
93954
379974
93953
50969
118354
379973
76613
51124
208676
172556
49508
19337
49507
208677
208678
49506
7556
93951
41878
49505
49504
34811
49503
30394
49502
189845
379967
49500
30393
296311
38016
38015
19336
208680
49499
193965
49498
49497
49496
208681
158344
191188
204514
49495
244190
298314
207979
208682
297810
297811
51132
80864
49494
51133
244188
379964
30390
208684
48295
193966
296117
379962
297601
51135
51136
379961
51134
208685
19335
234439
178964
18225
171819
208686
51137
82118
171820
208687
158346
158347
199853
111843
244187
49492
49490
49489
49488
51120
49487
208690
51125
49486
296754
49485
192457
33919
51121
296755
51392
51122
49484
49482
18224
57854
297081
30387
57856
38008
296120
297604
80861
191770
189737
190007
208693
19331
158348
111842
19330
208694
51380
234765
379950
19329
208696
297900
296756
208697
189817
208699
49481
379948
75117
50966
18090
30383
41879
296900
30380
75116
208701
208702
49480
299669
49479
49478
19327
208703
208704
49477
208705
201570
298316
189816
208707
296757
7567
80860
82111
49475
208708
49473
189979
191992
208709
208710
193930
191902
49469
208712
51117
49467
193931
191903
49466
49465
30376
49464
19326
29954
19325
19324
19323
179034
118125
30373
191904
193936
191905
193932
51116
155953
51055
191906
193933
191694
128777
193954
193935
191908
299670
298318
171821
30370
38003
189867
299671
38000
297082
30369
49463
82107
192424
29952
30366
296901
296902
82105
380892
76614
366751
49461
118348
49460
49459
118347
31332
31330
19319
208717
31328
31327
80857
118342
208723
118341
191189
193964
51099
296758
126791
208725
192394
81271
82104
398705
208726
189865
51100
19318
19317
19316
171822
19313
128395
208727
199845
30353
93941
118340
192486
208729
208730
207983
296903
127398
193929
191909
208731
82102
298041
193963
118339
18223
128810
72199
82101
189734
49457
35264
49455
192213
49454
35263
208735
296904
208736
126787
208738
128957
118334
244167
244164
7576
128370
76615
398711
208741
379927
30351
296122
297606
33916
31308
49410
49407
49406
49405
49404
49402
49401
49400
49399
49398
49397
118050
118331
379922
118330
118329
191160
118328
118327
49452
49451
49450
49449
208743
192212
208744
299672
18221
18222
30350
171826
171827
206247
206248
206249
51347
206250
208745
206252
118326
121229
126792
118325
274245
208747
29950
49443
49446
49447
208748
49444
49445
204513
206253
298319
206254
171829
49442
206255
118324
206256
206257
206258
206259
206260
49441
208749
49440
208750
208751
206261
82095
208753
125226
49439
171832
208754
208756
49438
49437
171833
208757
206262
18106
398722
18220
126793
30344
73299
72195
398723
191911
193927
30342
30341
127440
298320
297607
296123
380893
366730
75111
76616
75110
18105
208761
73185
299356
51324
208762
208764
191190
206264
206266
191990
190225
206268
51348
51114
206270
206271
206272
206273
51115
296759
206274
126794
49433
49432
49431
72997
296124
297608
299357
49429
208766
208768
49428
296760
379913
72191
82093
49427
49426
49425
208769
51342
208770
296761
49424
49422
82089
51343
208771
208772
234423
50985
49419
49418
49417
82087
208774
51112
208775
18620
244157
273435
299673
208776
51113
208777
192361
199846
18295
192625
208780
208782
206275
208781
296762
208784
206276
208786
208787
206277
208788
72189
244155
208789
206278
208790
208791
206279
299358
72186
30870
49414
30869
191168
49412
72185
51344
51340
297609
296125
206280
18294
208793
206281
7581
206282
206283
7582
7583
379900
30868
399154
128779
37990
18617
51345
49411
191105
128992
7586
45936
191191
191192
379899
206289
30866
118308
379898
82085
234417
379897
206290
191146
206292
206293
208794
206294
208795
208796
19706
19705
19704
208797
19702
206297
206298
208799
192011
190224
37559
208802
208804
30865
72178
296315
206300
206301
298321
297083
192463
18618
379892
299674
128396
298322
299359
244152
297812
244151
206302
49396
297901
191193
208808
192466
171834
171835
208809
297084
208810
379891
82081
234416
199847
82080
192465
244149
208813
192464
50239
208814
398725
128778
193994
299360
234414
234766
208816
379887
51326
51341
296763
179032
18293
296764
30862
80855
299675
244147
234410
30861
72174
7594
19696
299677
19695
296318
296319
299676
80854
208819
296765
206303
208820
206305
208821
206306
208822
208823
208824
50235
50234
50233
398730
379882
208825
208826
50232
80853
206308
50230
50229
82079
38209
50227
208827
208828
298323
81266
206312
208830
208831
206313
80851
297610
296126
206314
379880
208833
30858
244140
50226
206315
50225
50224
50223
50222
50984
128573
179035
30857
402719
30856
127441
296376
299361
299362
50220
50219
30853
7599
244137
192010
190223
19693
51323
208838
206316
208839
208841
7600
51346
208842
50217
50216
129000
191106
50215
50214
50213
50212
50210
50207
50206
50205
80849
118636
118635
118634
118632
118630
118629
57868
18292
50747
379871
19690
199848
208844
88744
380894
76618
366715
208845
80848
80846
206317
296766
208846
299678
365509
299811
206318
208848
365508
19688
71780
49395
49394
49392
49391
208850
297085
208851
191588
208853
82077
19686
19685
297612
296128
208854
208855
35279
76621
88736
379868
128412
51327
38207
208860
206320
379867
297613
296129
193993
206322
206323
206324
208863
208861
297614
296130
379865
127410
19683
19682
178829
19681
178830
206325
19680
19679
19678
19677
19676
296321
191589
50901
298564
298565
296767
205904
207594
207341
51328
207340
296768
191147
49390
49389
49388
49387
207595
205903
298566
50204
18287
50203
50202
18288
50201
82076
80845
244489
207598
205899
379858
207599
189964
205898
18673
296322
191587
207998
50200
50197
57872
50196
50195
81262
207999
207600
205897
296769
111830
50193
51091
207602
205895
205894
207603
207604
205893
205892
207605
72995
50192
298324
50190
50189
191194
297086
297903
51331
50187
57877
299365
50186
19159
298469
50185
82073
57878
191195
111828
50183
50182
51329
208000
208001
50181
50180
296770
379851
399172
297615
296131
379850
191175
399173
399174
379849
205886
207610
72993
207611
205885
50179
50178
205882
207614
50177
50176
51092
208002
207615
205881
31670
75448
76622
205875
207621
193991
193992
192588
50175
31666
50174
31664
18289
50173
50172
75447
19158
20410
51093
50166
50165
399179
50162
50161
79566
30851
207339
189854
189965
207338
207337
299368
82070
72992
207336
50159
207334
299369
192514
207333
50158
205873
207623
50157
50156
50155
50154
50153
50152
50151
50150
50149
50148
205870
207626
50147
50146
50145
126919
191169
234751
208004
51321
190000
191446
191196
75445
192367
50144
50143
297904
207628
205868
82068
208006
299683
18671
207630
205866
50142
50141
50140
50139
379145
205865
207631
379841
51095
82066
51381
191119
51320
205863
207632
20211
50138
192014
190222
50137
205862
51094
192768
190019
128913
297617
296133
298326
244482
82065
236047
31663
126789
50136
296771
50135
118052
129673
244480
29526
366912
76623
380890
88695
82064
205861
76624
380891
88694
366911
299370
234746
19156
205859
207634
51097
297618
296134
126790
299371
299372
82063
82062
50133
298568
298569
127194
127316
299373
51074
51307
297906
134184
255714
379838
299685
111826
81260
34864
18290
179033
299374
30847
207332
298470
207331
207330
20209
177075
297619
296135
297620
296136
189826
93931
379836
29525
296772
366904
49385
191780
297621
296137
379835
296773
379834
399196
49384
49383
49382
49381
199849
111825
49379
29524
205857
49377
49375
207636
205856
299686
192582
82061
50748
58524
171843
236033
19155
20409
366902
88683
75437
82060
125133
51317
191107
278734
299375
121282
128878
192584
50132
50130
299812
50129
20206
19154
19153
20408
128568
191177
192585
296774
207638
205854
205853
192448
297623
296139
299846
296775
207641
205850
191121
296776
402834
191148
402835
205849
205848
51283
207642
51315
207329
207328
207327
207324
207323
379833
207321
20205
71779
72160
29523
205847
33982
379829
399208
193989
190250
191511
128394
111823
82059
192426
189947
205846
207643
51073
192583
128572
18668
296777
82058
205845
207644
129663
296778
296324
207646
205843
50713
296779
205842
207647
194266
189933
362417
257113
81257
268972
111821
332072
88652
366895
76625
51306
30841
30085
207648
205841
191180
50749
191586
126915
19149
30084
20406
70980
19148
30083
177073
208008
30840
30082
30838
18291
189966
189853
127439
205836
207653
205834
20202
205832
207318
192580
299377
191122
128999
207317
207316
205827
205826
191779
20198
32006
19675
19674
299378
80840
118622
128569
192579
118620
50128
177398
128570
118619
205820
207663
19672
296141
297625
30837
20243
20199
192577
128571
179041
20000
19671
299781
19670
207664
205819
19147
178158
30836
75424
208009
207665
205818
205816
19668
126916
191638
244471
208010
19667
205813
207667
191639
126917
118618
379823
207314
207313
49374
234767
49373
49372
49371
49369
191640
129662
50751
192013
189980
81255
72151
191109
205811
207668
177397
20196
379820
57885
205809
207670
205807
207672
88634
76626
191123
205806
207673
207674
205805
205803
191197
205802
207310
191181
207309
207308
30832
50127
50126
379816
207678
50125
205799
50124
205798
207679
205797
207306
205796
207680
379814
191110
207305
402720
121302
298472
82051
191198
207304
207302
207684
205792
379811
126788
58527
75421
365591
48349
50123
207301
296781
193986
207686
205790
207687
205789
205787
207689
208011
191124
31654
31651
31650
31649
31645
31642
31641
18286
192576
128392
299379
192571
88628
380924
76627
366888
31635
205783
207693
31634
296143
297627
206328
297630
296146
150906
379804
297631
296147
296148
297632
296149
297633
171845
296150
297634
297636
296152
191149
207696
205780
19662
111814
270332
88614
75418
366883
191112
126918
191636
299782
193948
191913
75416
191914
193949
296782
20193
255821
18665
50120
155967
50119
191637
205778
19141
57894
20404
296783
57895
57896
20192
207698
205776
50118
379796
244468
20231
82048
20190
297638
296154
296155
297639
379794
51318
205773
207700
379792
207300
234727
297640
296156
127182
379790
297813
20191
298572
380828
366876
382603
31629
19139
31628
207298
297642
296158
235987
82047
30828
205771
30827
298573
31627
207295
208012
207293
205768
207292
207291
244464
207290
207289
207288
296784
207706
205764
205762
296785
207286
244463
235980
23922
207708
205761
207283
298052
205760
207709
298328
205759
205758
208013
205754
191635
299906
296160
297644
31625
19138
20188
20402
19137
192575
297814
206329
206330
206332
191113
31622
20189
111809
82046
20234
299380
72147
205751
207715
73036
72143
192366
19135
178156
205745
207719
208015
191150
379777
399239
58810
82045
19655
82044
299847
298574
205742
299848
30823
205741
297645
296161
51319
207723
205739
57898
30821
299692
82043
30820
299693
207724
205738
82042
82041
38204
150782
79575
296786
207282
19133
207281
82040
207725
205737
150781
296787
207280
82037
19131
189809
93904
207726
205736
296162
297646
19130
19654
19653
76630
366866
88590
296163
297647
192572
82640
82637
82636
72141
193987
20400
19129
192574
206334
379768
399257
19652
19651
191182
19650
365589
75404
298474
75403
82036
19649
208016
171847
50115
50114
191509
190252
50113
207279
296788
50112
50111
207278
50110
193988
205731
19127
192573
402845
402753
38203
379762
379761
179040
19125
207274
299326
299381
82034
207273
38202
299382
51316
299695
296789
205727
207733
50109
296790
191183
189852
189967
93895
30817
58531
193946
191916
299383
235958
38201
19124
191165
298575
297907
399263
207272
207271
207270
191184
282075
298576
299697
402158
208017
296791
206335
296792
128998
299698
128996
128997
51312
298333
31618
31616
379758
31613
80835
82033
127179
298056
31611
50108
207735
205723
50107
50106
50105
50104
50103
50102
50101
50099
50098
50096
18285
192012
189981
88563
75400
379754
82626
82031
206336
21462
7616
75398
29522
379751
399274
298577
30813
273670
298337
128391
188287
30812
31610
30811
30810
19119
191185
207268
207267
20238
207266
379749
207265
207264
207263
207262
51304
205717
207261
205716
50094
51313
296793
207260
128995
169519
362419
19999
207259
269014
189934
194265
207258
51314
205715
207738
192776
171848
171849
125396
127180
50752
298475
20239
30808
272756
30807
207256
18284
379748
128994
296794
207255
298338
207254
171850
171851
18546
298476
188324
31607
205712
207741
51311
379745
81251
111802
19116
298477
234712
30805
399282
31605
399283
399284
207253
128390
31604
128414
207252
127178
19642
178155
178154
50092
207250
207249
296165
297649
207247
82028
299701
207743
205709
82617
50091
82616
118604
297650
296166
118603
118602
118601
118600
118599
118598
118597
118596
299702
118595
118594
118593
118592
71777
298578
29521
177394
82612
50090
50089
177393
82610
50088
50087
118590
50086
126786
191199
48350
50085
191633
118589
296795
31602
296796
191634
31601
50084
128881
192365
31600
118588
31598
296326
102086
179039
18283
126763
30803
235943
244452
207245
379738
207244
19114
207241
362420
50083
207239
50082
158295
111800
82026
50081
207235
82025
190254
191507
7624
235941
82023
207233
207232
128350
18664
297909
158297
81252
111799
244450
191151
177392
19113
207750
205702
207231
366943
382604
244449
20244
102085
19641
20213
57901
205700
207752
21463
297815
30801
21464
7625
102084
102083
207229
207228
21465
30800
205699
102082
21466
30799
102081
93886
7627
21468
50080
50079
205698
404866
380829
366944
75391
382605
88548
270323
50077
50076
50075
244446
21469
7631
50074
379732
50073
191152
207226
191974
192569
193983
399292
298057
255833
297910
296797
128956
207223
191153
207222
207221
234706
88545
297087
7633
82603
82599
193985
50071
177389
50070
50069
50067
20214
192570
50065
50064
299384
80830
50063
193984
50062
82022
50061
50059
50058
31596
82021
50057
7634
50056
379132
178151
50053
128413
189808
177387
102078
50052
191166
50051
7635
177384
235935
296798
379729
177383
50049
178149
177382
179038
82020
50048
82593
379727
399299
297652
296168
379726
38199
51076
205692
207758
82592
207216
50047
50046
207214
50045
50044
50043
50042
50041
50040
207212
394504
7637
207211
82018
50039
207209
296799
57902
102077
80829
189918
189842
178148
102076
207206
207205
205687
207763
102075
207204
158306
111796
207203
207202
207201
191200
30796
379723
158308
18282
50037
82015
80827
205685
207765
207200
80826
207199
207198
19109
207766
205684
50036
207767
205683
80825
399308
82014
50035
50034
88535
50033
366848
50032
50031
57903
50030
118584
118583
82013
235920
177380
19108
20216
102074
399310
102073
189878
20217
207195
50981
379720
34863
19107
177379
207193
50029
50028
50027
155984
50026
50025
7643
102070
102069
207192
207190
93878
207771
51291
205677
207189
299706
50024
208018
205675
379716
296840
296841
379715
206337
192269
298579
82588
399317
379714
205674
298340
7644
50753
270305
68062
88523
244439
296800
207188
297654
296170
299707
299708
299709
270304
88520
207187
102067
299710
192568
299711
177377
178146
19105
207185
82011
73184
207183
207182
102065
19637
30794
102064
191201
207181
299386
82010
207178
205672
82009
207774
82585
82008
207177
57904
205671
207175
82584
297088
207174
207173
7646
82007
207171
205669
296801
128990
207776
177376
102061
207169
296802
205668
399320
379708
172645
299712
207162
207161
296803
207159
296804
191125
205663
207781
207158
207157
296805
207156
207782
205662
205661
207783
296806
205660
128991
171852
207784
205659
102060
178144
205658
296807
298341
93541
82006
402506
102059
178143
205656
207155
207154
299820
191631
19635
205655
189840
189916
207785
50750
88514
102058
20219
208019
88513
207153
172647
20242
53777
205654
379707
193945
191917
177375
399328
379704
193944
191918
82577
191632
118306
399330
379703
82003
31589
178142
88505
177372
172657
20301
296328
207787
205649
19633
19632
179037
18281
298580
102056
172660
82576
102055
298344
18663
82002
82001
207152
82000
80823
207151
81999
207149
207148
128727
118302
191258
189837
189913
189838
189914
93875
30790
207145
177371
299389
394532
177369
20224
177368
177367
379700
399335
298347
38190
20225
75381
102054
297657
296173
177366
299390
191126
207144
7648
207143
177364
20226
191127
207142
178140
191202
205645
178139
207140
73290
177363
379699
207139
7649
191186
207792
205642
128558
192566
399339
394542
193943
191919
207138
207136
205641
207134
207133
178138
178137
207132
297816
207131
207130
207129
207128
205638
125131
379697
207127
207126
205636
207125
207124
207122
379696
299392
299393
296175
297659
299394
299395
205632
298581
177357
299396
125132
296176
297660
399346
18280
118580
7651
30783
72127
206341
206342
206343
178134
299713
102052
19631
125395
192364
30781
31583
297661
296177
82570
19101
18661
207798
205627
207121
207120
19100
207119
205626
207799
19099
51425
189982
192009
207118
207117
102051
207116
81996
207800
205625
207801
205624
51266
207115
205623
207802
299714
205622
207114
7652
192008
190221
296808
128989
207806
191128
205618
207113
207112
379693
81995
72996
191629
191630
207110
207109
207108
93871
207105
207104
399351
299716
207103
102049
235904
178748
207102
18659
205615
82566
235903
81994
102048
192513
19097
50980
128398
189876
81993
235902
191203
31581
19095
57906
128953
207101
296809
57907
58535
205613
177351
192336
128954
207100
81992
207099
394559
207097
172672
172673
207096
207095
207094
207093
394561
172674
399359
379687
81991
178778
299397
379124
191204
19629
178129
177346
19626
178795
177345
177343
81990
40304
191157
118576
297090
299507
18279
177340
294866
30777
191159
178128
285346
178127
101709
177338
102047
57908
101708
51085
191187
6832
399371
379683
19625
177337
30776
178126
207817
205605
178784
191171
207090
178125
205600
207088
101707
101706
30079
30078
101705
177336
101704
51354
19624
177335
189958
207086
30775
57913
101703
244425
102046
57914
207084
178124
191170
81989
80819
207821
205599
296329
155991
394571
296180
297664
205598
101702
101701
126912
73038
101700
19623
394574
207082
191505
190256
207080
19998
235896
285351
347391
171386
52416
101699
30773
191129
207822
205597
93864
244422
73039
207079
101697
297665
296181
205596
52419
158316
18657
207078
207077
191205
207075
192268
40307
52421
111782
207074
296182
297666
101696
207073
297667
296183
101694
207825
205593
207072
207826
205592
19089
69952
30772
81986
69957
177331
207071
30771
207830
205588
47879
207070
7658
270255
88451
380875
178122
101691
299850
377070
102042
205586
192564
177330
82555
294887
69959
399379
379675
178796
102040
294890
178121
178797
298478
177328
297669
296185
394581
206346
82552
298479
244498
80817
379673
30073
178120
205583
207834
244499
71771
47880
207835
205582
101683
88442
76745
270249
380876
297911
178119
101682
19622
377072
297670
296186
19621
101681
207068
191178
118572
50558
207067
30770
178118
207066
57917
298059
192262
177326
30769
205581
207836
50714
178117
178116
178115
394589
57918
178114
207064
192263
205580
207837
377073
208023
205579
177323
101679
97104
278445
294906
205578
177321
205577
207838
101677
207061
297912
207060
205576
207839
207058
126762
191206
207057
33979
191130
207056
101676
102039
101675
7660
102038
101674
172691
379666
394592
177320
155995
191207
394594
205574
207841
155996
394596
101672
244506
192264
296810
93860
402507
101671
207052
192266
101670
207051
19620
296811
191208
394599
128411
155997
394600
399381
379664
207049
205572
207843
6855
192462
128049
191676
207047
101669
18275
179036
30768
73298
81984
207045
191210
177319
394602
205571
191211
257468
30766
102037
207044
30765
207043
177318
101668
101667
207041
207040
192267
207038
394605
394606
155998
205567
207847
402809
7661
299719
273719
192260
299720
273720
82546
192562
399386
379660
286786
294915
285371
278446
93537
366387
81983
208024
71768
296187
297671
379659
394610
128559
19619
45872
192261
379658
399387
82544
19618
205561
40310
52429
199983
47881
111777
158321
111776
52430
40312
191179
205560
207853
205559
51284
191131
207854
205558
296812
156000
269065
101663
177316
297672
296188
69968
80815
6865
69969
6866
205557
207036
207035
207034
207855
205556
207033
207032
207856
205555
207857
205554
205553
207858
30761
379651
270236
102036
207031
394613
207029
365583
297913
207028
205552
207859
294924
394614
379650
156001
177314
207023
299722
127116
394615
192259
101661
189874
299723
207022
205549
207862
207020
19082
379649
207019
101660
207018
207017
207016
189858
189960
205550
207861
31567
102034
101658
207863
205548
31566
102033
207015
296813
207014
298351
207013
51267
379647
399390
177313
207011
189872
50979
207865
205546
34862
128399
207866
205545
30760
101656
207010
207868
205543
207009
101655
102031
234771
57920
30759
82535
205542
207869
101650
207008
101648
207007
379646
192396
101647
81982
286787
101646
207006
207871
205540
101645
207004
207003
207002
205539
207872
205538
207873
193955
101644
177312
29519
205536
207875
207001
296814
207000
93854
206998
193942
191920
206997
51282
205535
207876
19616
101643
19615
101642
19614
234773
206996
191132
206995
205534
207877
206994
205533
207878
81981
177307
266742
177305
207879
205531
82533
379640
399402
101634
192256
19613
101631
299725
18278
102027
101630
18277
102026
177304
81980
189869
7671
102025
101629
244520
205529
207881
101628
244521
101627
206993
31563
31562
206992
101626
21458
206991
294934
206990
40316
75360
177301
205528
207882
379639
399405
101625
207883
205527
299851
206989
205526
207884
93849
177300
296191
82529
297675
299508
299509
244523
52439
40319
244524
206986
102024
269081
177299
379637
101623
294936
101622
189871
51355
192257
19611
297092
72095
19610
299852
52442
30758
177298
297677
296193
206983
19075
336542
19606
31559
206982
101621
101620
206981
205521
206980
207889
93848
101619
192255
206979
51303
236107
172705
257469
401778
207891
205519
270210
244530
299853
6900
206976
191133
192254
205518
207892
299510
191117
207893
205517
205516
191134
207894
51285
206974
205513
207897
51287
205515
207895
51288
51289
51290
206973
297093
233090
191118
206347
189870
128988
191135
206972
206971
57924
7675
192253
294940
296195
294942
297679
50023
50021
50019
50018
205509
118569
50017
50016
190408
118568
50015
296856
296908
295924
118567
118566
50014
118565
178113
18276
20052
171859
178112
294860
177297
177296
19073
178111
178110
365582
88394
270198
76754
75352
177295
29518
102023
177294
30070
178109
134204
19071
177293
101618
102022
58557
297680
296196
178798
379636
270197
75351
88393
178108
101617
236112
347396
186623
52445
101616
285396
171417
19997
189793
294950
101615
207469
205507
29517
177291
206970
297681
296197
206969
296909
206968
51268
178107
299909
101614
190311
194095
206967
296198
297682
30069
177290
102021
172711
102020
101613
178799
189792
190410
299511
205506
206965
177289
29516
297914
102019
82523
178106
29515
102018
206963
178105
29514
377081
206960
206959
207414
205505
101595
81978
177288
101612
206958
19604
205504
177287
178800
299910
206957
101611
101610
178104
297094
29513
177286
30756
177285
101609
30068
294960
297916
294961
294962
29512
177284
402812
19070
178103
30067
177283
177282
29511
101607
128955
205502
296815
50960
194094
30755
299914
82521
101606
194093
102017
101605
30754
19601
205501
101604
204793
206953
194092
190312
299398
30753
101603
93839
101602
51269
206952
190313
194091
206951
51270
206950
206949
206948
206947
191174
21459
101601
93837
206946
57929
294967
296331
19598
298481
82519
206945
171862
206944
50013
50012
44739
45863
69988
192461
206943
50011
178101
206942
50010
297095
28893
177280
50009
50008
178801
50006
51302
50005
244534
208025
194090
190314
379629
399429
178100
379628
206940
101599
71764
205498
207415
51426
205495
205497
206939
205494
19597
7679
206938
206937
206936
379627
278763
205493
190315
194089
298063
205492
206935
128987
206934
298064
401784
401785
57930
172299
298065
298066
205490
189791
190411
296910
296857
295925
93834
52451
40329
159324
111768
178098
178097
101592
101591
177277
206349
102015
178096
101590
101589
101588
101587
178802
206350
172302
177276
20053
58561
206933
206932
206931
72085
57933
30749
19065
76764
88381
205487
206929
29492
29491
206928
38180
296915
178094
177273
29510
101585
206925
206924
206923
205486
206922
178093
206921
30748
178092
30066
7683
178091
19064
205485
206920
205484
205483
297817
379119
206918
205481
205482
81976
205480
205479
298353
52454
40338
159333
177275
93820
285405
205477
207521
206917
50004
206916
206915
50002
399443
52457
102011
297686
296201
191403
296816
190316
194088
206914
206913
206911
205476
30746
101582
101581
172307
29137
126950
101580
30745
297818
205475
206910
50001
205474
206908
101577
178963
102009
71758
30744
128985
296817
205472
190317
194086
206907
21460
205471
296818
206906
128986
205470
205469
296819
206905
207522
205468
159334
52459
111765
40342
205467
30743
299916
75342
205466
207410
206901
208027
194087
205465
190318
379620
206900
20311
20312
298067
297820
19594
19593
177270
19590
49368
49367
49365
49364
49363
19589
177269
118301
118300
49360
49359
49358
49357
7685
208026
205461
205460
57935
296203
297688
294980
101570
101569
101568
394664
30742
30741
30740
206352
206353
30739
206354
19060
30738
101566
297689
21461
205458
189969
189850
19587
71754
205457
19586
118558
30735
30733
172312
234786
205456
189790
128388
190412
206896
206895
127036
177267
244540
191503
190258
93813
177266
19059
206894
101563
377091
93812
101561
57937
178090
206892
81974
72075
101560
102007
178089
206891
244541
177264
20310
102006
102005
177263
48380
71751
82506
205455
274262
286799
278450
94989
30732
206888
205442
30731
30730
30729
206887
298355
102004
190259
191502
205454
51286
207411
205453
194085
190319
101556
19058
296844
29509
379607
190008
57938
379606
57941
206886
206885
192251
40346
71749
19056
205452
49999
205451
18655
30727
299727
191172
102002
28918
101551
71748
244543
101550
30725
102001
57943
30724
101549
57944
19055
58563
58564
19054
30722
178088
177261
401791
102000
101547
30720
30719
178087
101546
205447
30718
205446
189789
190413
207425
205445
206884
101545
206883
101999
206882
379605
58566
101544
101548
88369
76767
258063
286801
159335
94852
206881
101998
190260
191500
101541
50704
50902
192252
205443
49356
191501
190261
49355
49354
49353
7693
49352
49351
49350
178960
101537
6925
128410
205439
190262
191499
191495
190263
128567
205438
191778
101536
101997
101535
18274
18104
299729
191498
190265
299730
296204
297691
207523
205437
30717
101533
27780
81972
19585
72066
297096
172729
299731
101530
269105
297097
205436
101995
299732
207524
205435
57948
57949
177257
19051
29051
101528
171864
101527
191777
296205
297692
297693
296206
299821
19047
297098
190009
189801
299786
101994
194264
189935
101525
299787
81971
40354
172737
6928
58570
236144
171866
207525
205433
101524
30715
156006
236146
244552
295002
295003
71744
205431
45851
234793
236150
236340
192559
128566
51356
191402
30064
177254
156007
394675
326207
94964
270168
399464
101523
81243
101993
101992
189825
58571
19045
58572
19582
49348
49347
49344
49343
49342
49339
19580
101521
49338
49337
402814
208028
73170
71743
71742
75333
67953
270162
88352
190414
189788
191494
190267
379112
49997
70001
49996
101518
18272
191675
128947
128724
18654
298582
101515
18273
19578
81970
81969
192363
233112
192558
31553
205426
207470
206355
51357
49325
50711
49994
298583
101989
101511
177250
28892
101510
190415
189785
128389
19043
298356
379600
192334
297694
296207
205424
177248
29508
205423
194263
189936
205422
298069
267266
298584
94957
270159
399471
326216
177246
192248
190010
129661
189800
189787
190417
296820
19041
101506
177245
72057
128725
269121
192491
207471
205418
379592
206876
394682
377103
379591
298070
79609
172760
206875
206874
81968
206873
206872
190232
191493
101988
75330
97100
171440
292025
52468
266705
377107
67943
270157
285434
94952
286805
332064
169534
27786
81967
81966
101504
27788
101503
81965
192333
49992
298485
101502
101987
101501
101986
118554
191492
118553
190233
192556
81964
192557
190011
189799
101499
6952
101498
18270
299733
101497
18271
101985
101984
101983
101982
7697
377109
19575
299919
296917
127025
206870
205416
58573
205415
206356
206357
206358
206359
205414
205413
205412
205410
205409
129653
31550
206361
7698
205407
191850
190275
189797
190013
93791
285437
49989
49988
30063
94930
178086
49987
178085
178785
177243
49986
192554
49985
49984
27789
101492
178961
18269
129652
49982
49981
178082
72056
177242
178081
178080
192555
177241
67938
88334
270151
30062
394686
177240
72055
177238
30714
205405
126785
379587
191674
190276
191849
177237
178077
234800
71739
178076
172766
19574
379586
394688
172768
177235
48317
101491
30712
189783
49980
190418
49979
49978
58574
50720
50715
49977
190419
189784
49976
49975
49974
49973
19038
177234
58575
206869
72054
29267
29268
101490
94922
162503
236162
19996
186631
171443
285438
296918
190234
191491
58576
58577
101489
19037
49972
49971
30061
49970
206868
118549
273769
379585
101980
27791
144853
58579
206867
206866
206865
206863
19035
32147
172774
233120
101488
101487
27793
191673
101486
101485
205403
206862
19036
101979
206861
206860
50729
28891
101483
205401
30709
27794
81963
30708
177229
171873
101482
172315
82714
101978
295040
178075
297695
177228
101977
7699
178074
49969
101976
30703
82502
299512
31067
172775
379584
101480
101479
31066
19572
7700
177227
30702
49966
49965
31065
101478
178073
7701
101477
101975
30060
101476
30059
128048
50730
295041
172776
72052
71736
178072
177226
31064
101474
379582
101473
101974
233122
404862
189937
194262
206859
178071
71735
205398
299735
190420
189782
206857
298357
118547
205397
207526
72051
7702
206856
394699
172322
379581
93775
206855
93774
177225
19571
205396
207527
206854
206853
379580
394700
19570
205395
207528
101472
296334
206362
205394
206363
118546
29506
29490
379575
70009
118544
19034
178070
127228
18653
118543
18268
29505
178069
19033
178068
29504
178067
177223
118985
101469
101973
205392
30701
177221
177220
206364
299857
399485
379573
101467
296846
177218
29503
7704
30700
296208
297696
172325
379572
7706
7707
128983
206852
206851
128984
244561
101465
206850
206849
30699
192552
101464
51301
194083
190320
206848
206847
178066
58585
296209
297697
206845
51300
118986
296210
297698
297699
296211
178803
101463
295057
295058
234807
7709
191490
190235
71733
57952
57953
101972
49336
49335
205390
28890
178064
178063
177215
177214
49334
48860
101971
30698
177212
206843
205389
127227
189823
73220
244563
29502
101462
29501
177211
30697
118541
129660
118540
206842
178061
194044
205388
51293
177210
206841
31058
177209
19569
75326
88323
207529
205387
29500
299737
7711
7712
278458
128387
51086
194042
94873
31057
50731
399496
244879
270135
101970
30056
38167
50717
7714
295068
205381
51294
35271
172329
205380
206839
51271
34110
205379
51295
101459
191847
190277
101458
101969
19568
30055
178059
49964
205377
49963
194043
49962
205376
19567
49961
205375
35272
206838
191489
49960
190236
49959
191488
190237
299860
49958
7715
101457
7716
205374
80810
49957
40362
111751
52472
118538
118537
190278
191848
118536
35273
58590
205373
51296
35274
50716
207472
118875
205372
206366
81244
31056
399500
379563
177207
295075
299738
28261
70022
19031
21353
206837
51272
299739
52474
40363
159363
206835
51273
206834
178057
206833
172332
379561
394720
205371
101455
205370
296821
35275
205369
205368
194041
101452
297101
101451
44747
191401
298358
189781
190421
206832
51274
51275
206831
205364
206830
206828
299861
118530
49956
234813
194040
49955
205363
206827
51276
205362
190321
194084
379109
190238
191487
177206
101968
40369
81245
118528
7717
299513
118527
278462
75322
365562
87266
286812
298359
278463
160912
100629
285452
94831
51280
101448
297701
128897
206824
51297
236182
244568
189780
190422
190423
189776
128565
51281
30694
205356
177205
296367
101967
49953
178786
49952
20099
189777
190424
236185
28265
178056
298074
171874
206821
206820
206819
52477
189961
189857
244892
236186
101966
101965
101444
205354
207426
178055
20302
206818
20100
326363
58592
206817
205352
49333
206816
51277
49330
49329
297102
49328
49326
207412
205350
206368
51278
190279
191846
189775
190427
49951
101441
190428
189774
49950
49949
205347
21352
19029
379105
206369
51279
101440
93744
49948
178054
31052
31051
178783
286815
162531
94644
326238
30693
76794
49947
101963
49945
49944
192551
49943
101962
101439
19028
178053
21351
101961
285456
93742
29488
192329
379555
326239
244900
94645
270121
399505
128408
189806
299740
49942
299741
49941
49940
206815
191530
206814
192458
178052
31050
93741
93740
206813
128982
206812
206811
206809
206807
206806
244902
206804
206801
206800
205345
207530
101436
31049
101435
20102
88302
76797
270119
75319
365560
297821
101959
258056
128407
189805
50978
189868
50754
51090
30691
189807
128409
192331
236190
205342
190429
189773
206797
50755
206796
190280
299742
29143
30689
244904
206795
206793
206792
206791
206790
190852
206789
192512
206788
401812
206787
206786
81121
6992
206785
192332
189962
189856
101958
118524
189822
127226
205339
177200
80808
75316
76799
88296
270113
205336
82492
192245
49939
49938
192246
205334
49937
49936
49935
52483
161127
40378
297702
192748
18650
101431
205333
207473
40379
52484
161129
207443
205332
191529
101429
269143
297822
190322
205331
194079
177199
172341
379553
82490
189804
295091
285467
297823
58598
191528
40380
81960
206778
244910
40381
159375
52485
158224
161131
111744
206776
206773
206772
206771
194261
189938
192395
58599
379551
172347
118877
205330
207474
401813
285472
94764
287501
20104
29499
177198
207413
205328
189768
190430
118521
192247
49934
49933
49932
192330
49931
192243
31547
75313
382606
266701
380847
18640
297918
296041
49929
192244
49928
270108
404859
67909
258055
75312
76801
266700
88290
49925
82770
252987
189997
189828
189829
189998
101425
31048
101954
28269
189999
101423
28271
191526
49921
49920
49919
28275
236193
101422
298360
207444
205326
29206
190431
189750
172349
49917
206768
28280
206767
50756
118172
128879
49916
38164
101953
94755
244921
270103
399516
295093
81959
297824
192550
121248
31047
258053
206765
206764
101421
118520
206763
29159
244923
357889
206761
379548
379547
402815
379545
297704
296212
379544
128564
296336
296213
297705
297706
296214
297707
296215
297708
296216
273791
177196
297709
156018
296217
205318
299862
299743
31541
31539
377703
19022
80805
94746
101420
295105
295106
394746
101419
31045
29498
178051
298075
178050
30054
178787
178049
379100
31044
18267
101418
178959
118516
101952
178048
101417
121275
379542
178047
299745
38161
30686
119009
171876
101416
177195
19019
28285
72037
177194
40388
81958
206760
94741
101414
161143
244930
186630
286822
357908
52491
236200
171469
285482
19995
19017
177193
273795
298361
101413
50757
58603
379539
178682
31043
178046
71724
206759
101951
206758
27816
49915
177191
72036
205314
49914
206757
206756
40391
49913
101412
49912
205313
206755
206754
296337
38158
206753
295110
20304
20305
206752
30685
206751
19016
28290
82771
377136
156023
189849
189970
52495
161146
111738
40392
7722
101950
18266
101411
178958
101410
206749
27819
234819
205312
101409
273798
31042
178681
270092
88276
258050
75545
76814
172352
172353
190433
189772
40393
40394
101949
178044
234820
193962
206748
299746
206747
19013
394755
206746
295121
296338
299747
178043
379534
19012
206745
206743
178041
31040
206742
40396
207475
205310
296822
58816
49910
18639
49909
30684
206740
31039
49908
205309
31038
32157
49907
255300
19564
119010
379531
156026
82772
206739
50758
58613
191527
206738
81183
206737
101408
298077
206734
206733
357919
244944
234821
27824
118514
156028
394760
190434
189769
118513
118512
118511
189770
190435
72630
40397
205306
19009
51423
119011
80802
205304
205301
379525
82482
126782
49906
49905
49904
177188
178040
38156
101404
205300
101403
101948
299514
296823
295134
178039
67895
76820
266697
380849
75309
270084
97099
258048
365553
88267
382607
403038
193982
295137
101402
82773
236217
177187
178038
252994
295143
50745
252995
177185
29497
206731
81148
207445
205299
119015
206730
177184
32163
101947
178794
206729
207531
205298
189803
299865
29496
178037
178036
29495
177183
31036
30683
177182
31035
177181
31034
178035
207532
205296
206728
206727
81957
101399
134389
19560
178033
380698
394768
156035
118878
119019
178032
394769
119020
156036
156037
380699
394770
49903
49902
49901
49900
119021
101398
31033
177180
177179
31032
49899
178031
49898
177178
172817
299515
49897
31031
177176
178030
177175
244951
325769
21450
178029
177174
31030
158246
159397
111719
40400
161153
52499
81242
81185
31029
178028
206722
171879
177170
206721
50709
30681
236223
31028
50760
81146
205291
205290
21451
298078
178027
21452
101946
27832
82774
234823
206720
82775
234824
27833
79676
295150
156042
58618
20306
206719
295151
19559
31027
101396
178026
101395
101394
30680
30679
21454
31026
177169
206718
178025
20307
20318
101945
32209
94719
325766
236226
32218
234825
177168
190323
128981
51263
206717
194082
192328
50762
379519
119028
21453
71720
21457
19558
32174
191486
190240
244587
177167
49891
178024
206716
206715
21456
75306
382609
380848
101392
234826
190241
191485
234828
21455
18265
102165
192240
191288
81187
20320
102166
50707
48320
401961
190436
48321
126783
189767
192242
51421
119032
118508
40405
177165
295161
29287
299866
32175
379514
379099
20321
296825
192241
403037
365550
88252
270070
380850
67883
75087
382610
77049
266696
101944
31023
206371
194081
190324
29255
40406
82776
7783
258043
76635
88251
295165
50764
31022
178023
177163
178788
58623
101389
192237
49890
49889
189847
189972
191260
189911
189835
50782
128044
206713
71718
119037
189765
190437
48322
206712
119038
296220
297716
156047
158250
81152
