161157
111707
40408
159401
52502
206711
206710
81954
40410
191845
190281
299867
20325
190438
48323
189766
299516
48324
190284
119039
191844
161158
81149
40412
158251
159402
111706
81953
52503
101386
29116
189834
205282
191261
189910
206709
40417
47890
278471
366389
86745
253308
365549
287503
160683
286841
294581
94589
285505
51602
48336
205281
58625
73242
71716
244594
81952
101385
70049
75546
76822
270069
88250
67881
52144
20303
295177
118507
77056
101942
206705
29288
206704
119040
50767
206703
51265
194038
205278
177161
29285
31020
50784
207476
205277
119041
205276
50785
50786
57962
101383
31019
191843
190285
177160
31018
81160
71714
82780
234830
178789
191297
50787
118879
31017
178833
380703
206702
50768
299869
206701
191289
50788
205274
32180
233164
172374
206699
206698
206697
206695
299870
205272
101382
31016
178957
18264
206694
79698
205271
30050
177159
32179
38672
236241
29276
102163
244970
19007
325743
206693
177158
297827
299401
81950
81154
206691
206690
50789
296826
126757
191525
297103
30676
177156
206689
205269
191295
50769
207477
119045
191316
52143
270067
88248
266695
258042
67878
77058
75303
404856
205266
206688
191317
50770
206687
7724
205265
207478
126758
205264
191313
50744
191312
206686
82796
234831
29292
206685
27596
81949
84827
81161
111703
50536
191300
29293
178020
58631
298083
47413
42390
58632
20308
172378
325742
178019
19006
101381
205263
49888
178836
118856
206684
206683
58633
20326
32177
325741
49887
101941
325779
20033
156303
379499
50732
50891
206682
206246
50861
50862
205259
207431
205260
206681
206680
50863
50864
206679
206678
206245
207432
205258
207497
205257
205256
205255
191524
296827
191842
177154
190439
50857
189764
205254
205253
191309
50796
208897
126759
191305
189763
296828
48326
192238
50856
72764
20105
178837
190014
189795
93715
81947
296339
178838
38660
208900
58638
172385
379497
191273
208033
191293
29280
177153
29286
31015
101380
82791
234833
101379
102162
101378
189832
191262
189908
19557
206372
101940
298586
101939
191274
177152
30675
29284
101376
382611
380844
75299
266688
191287
50866
101375
236391
191286
208901
20324
29281
101374
208902
50798
191280
50870
191281
19556
19555
50871
190440
50867
189761
29240
205250
191284
50858
207479
101373
29275
178018
206677
31014
20232
50859
191278
299748
191275
178016
191277
191276
299749
19554
101372
101937
191252
101936
31013
177151
29279
20262
101371
172389
101370
206675
295190
48859
50795
206674
30049
177150
178956
101368
31011
29277
18263
88243
266687
75547
270062
77061
52142
336356
258040
67877
190441
189762
382612
88242
258039
270061
77062
380841
52139
266686
403041
75088
67876
191253
191267
50868
208893
118169
191266
19553
19005
57964
208892
233625
298495
20032
38147
40421
191269
20265
205247
207433
101367
191254
29273
31009
178015
31008
258037
50771
88238
76636
191247
50772
205246
207480
189831
189907
79725
119050
27589
172824
233626
379494
191250
394795
50873
38143
82782
171880
119051
191249
266684
270058
75086
76637
67874
52140
88237
19003
50872
19002
21347
208875
50794
191246
118168
208889
50793
191241
191245
191242
191235
191243
191244
325731
192490
29272
38649
102156
32191
178823
236393
20233
325776
244980
31007
191256
58646
19001
156058
79729
81165
189973
189846
50792
50791
88236
76638
177149
20273
29270
101366
101365
50790
191236
178014
50800
7784
76639
88235
29271
101364
20274
189759
50801
190442
101363
29269
31006
30672
192489
50773
29244
29245
191228
50874
191219
191221
191222
191223
191224
50803
21346
58650
58651
394799
191233
119122
266680
67873
382613
88233
270056
76640
52127
380826
75085
52126
97088
75543
67872
77068
270055
88232
403042
266679
82792
126760
208878
27580
50746
194039
208879
178013
191225
191226
101361
191227
254875
101934
29252
58654
191220
18999
177146
21345
82471
58655
18998
21344
297919
20276
29262
101358
178820
58657
208883
189760
126780
50884
190443
205241
205239
81124
47893
82789
207427
84792
27578
51089
200562
101933
325754
101932
295195
379488
172392
50887
50888
50889
50890
192239
51422
81170
190242
295201
190243
206377
206378
206379
205238
50886
206380
20278
178819
191217
233631
156060
297718
296222
191213
190015
189796
298366
191094
172393
58663
50775
191097
29256
233635
30048
178012
208871
28300
81944
76642
88228
119105
101356
29253
177144
399545
379486
79735
119106
191090
50876
206381
18262
31003
102158
29260
178955
295202
50776
76643
88227
101354
50883
118165
191087
208864
38390
102157
244989
266673
50877
191086
49886
189754
190444
49885
49884
49883
49324
49882
50844
49881
30671
191085
189751
190445
189752
190446
266672
382614
380845
50846
49879
30668
297104
50842
81943
28304
205234
48325
189758
126761
190447
50849
58667
20282
50850
50851
79738
298367
298496
27843
82469
29258
101352
30667
178815
20283
31094
31090
31089
31088
29247
191081
50537
191070
178011
208044
31000
178805
31529
31085
30998
29251
208046
71709
178790
191077
189830
189906
49878
189953
49877
119132
191059
49876
189827
118855
18993
208865
177141
21343
18992
208866
50806
101931
27845
81942
191034
50836
294583
87231
52517
27563
76644
269182
330768
286858
326281
257500
81155
111684
51590
100672
79743
171498
285523
366390
266668
347440
84840
258033
88223
161169
278477
162568
94623
53596
67870
270043
191066
27675
172144
191078
208869
178791
101350
273817
29241
377148
191068
190942
88225
50835
258036
76823
49873
244603
50828
233641
58672
18991
208870
50829
191065
191027
254882
190244
101930
102155
31084
101349
20285
29226
178809
29231
29236
29235
29238
81941
28308
297719
296223
81940
50830
192549
30046
191061
118506
72748
236411
191051
72707
72632
72708
177140
29229
101348
20287
29227
20288
31083
101347
178808
191055
178792
58674
50827
101346
178009
28310
82720
178008
50831
118854
178793
190577
101345
206667
206666
118166
298085
267283
71707
178006
295919
299871
50833
258034
101344
20291
29225
208050
49872
49871
178005
206662
206661
299517
29222
20293
178004
178003
206660
299518
101929
102150
101928
101927
101926
325722
101925
191036
81939
50811
119069
206658
205228
205226
50813
206657
50814
50815
50816
401822
205225
208055
118503
191012
191013
191014
50818
191039
206382
208056
191037
206383
119070
50819
325719
71706
208057
205223
134387
205222
118853
50820
58676
119141
119142
119071
205221
118502
394820
156066
233650
32123
233179
118501
118852
298611
191026
191018
178772
191022
101341
297721
296224
297722
296225
156069
297723
296226
20295
178771
285528
253309
93709
79754
94615
27554
190932
27848
72635
82761
191000
178002
178763
29156
190834
101338
208062
101337
296228
297725
299750
50824
119077
49870
49869
30664
49867
49866
49865
191006
50802
71703
73635
49864
190995
190943
190944
49863
82461
205217
190941
49862
49861
208063
50781
177136
30044
190992
19552
30995
49859
50780
101923
30043
191005
20268
30661
49858
190987
49856
190986
50740
30660
299402
190991
101336
31076
20270
29209
178762
177135
30042
29212
29213
178001
190996
119058
50735
208066
191003
191007
178000
190983
29210
190984
32093
177999
30041
50736
191008
29211
177134
190997
177998
190989
177133
50737
177132
191002
29183
79761
156311
399552
50733
31265
190985
51264
205216
380874
75288
266658
270034
58679
52125
88211
68524
101919
206655
233181
101918
101334
50738
28316
49854
49853
177131
49852
205214
51256
206654
29200
191776
49851
50727
49850
30992
208071
19943
18987
177129
28888
208072
82697
27853
19942
18986
50726
49849
205213
245001
19993
101332
285532
79762
171502
27557
81151
162575
186629
236257
266657
357987
325696
94610
286861
161173
50723
299519
50406
190946
50722
48858
20261
50721
296829
49848
190993
134384
296830
49847
208075
190836
177128
50705
205212
206652
205211
50706
206651
205210
49844
208076
208078
206650
101331
18985
206244
325694
20252
32133
134383
50702
101917
134685
206649
82696
119083
50701
190948
31075
101330
20259
29201
178758
29203
29202
156312
79766
399555
119059
134382
38135
49843
134683
50700
134381
50699
190950
206648
190792
190951
49841
296831
50678
190952
38397
206647
208079
206243
205207
51257
18984
19941
50624
206646
325693
32135
20258
52524
81938
84798
81241
205209
47895
200000
40535
27528
80801
53588
51258
208080
20257
29197
178757
31073
101328
206645
208082
206643
50662
190954
31072
206242
21342
18983
101327
50677
205206
50676
101915
29196
101914
101324
20256
178756
30989
29194
295231
101913
50675
190955
119084
207481
205205
71701
40429
29195
208084
71502
71700
58297
296229
297726
72639
101323
7011
119086
45791
42463
44777
190956
50664
81147
297727
296230
190934
101322
101321
30657
377152
20181
206640
119060
190959
50665
206639
177997
192425
189948
21341
101320
20091
101912
50673
27857
72633
27539
177126
50538
206637
50671
189903
208085
190213
119062
29191
298498
190964
119063
208086
50679
119064
208087
190965
206635
206634
206633
81143
206632
299872
128722
50681
101318
101911
101910
101317
70083
101909
297728
296231
101908
377153
127167
134681
29192
299403
191625
189902
81130
111677
27541
161177
200002
52525
40430
84802
82768
159423
48316
126784
190448
189747
205201
50669
190851
134380
29189
20253
101316
50684
208088
206631
20254
101315
29188
101314
134680
156078
79797
119091
233668
394834
206630
208089
177994
82767
178750
206241
160943
94560
278483
286866
266654
298370
27543
205200
207434
119065
127115
200580
53585
207428
27544
84804
51087
82729
205199
81123
20250
190972
119066
299405
161178
84820
40434
82730
81144
111676
27545
200003
52526
190973
50666
50667
206626
298086
205198
20031
51424
81132
205195
118159
172143
178749
76830
266646
51581
67853
380825
403045
270024
76914
88204
75283
382616
380842
270023
76831
51580
76915
75282
258023
382617
88203
67852
403044
266645
266644
88202
67851
270022
380843
76832
403043
76916
75281
382618
51579
67850
51578
76917
270021
76833
266643
75280
88201
127174
81141
40436
118882
190814
295920
296848
30037
177123
156084
295235
127114
377156
299406
295237
177993
325704
101907
299407
177992
245007
101906
190449
189746
50687
208095
29117
190940
101310
190823
190853
190854
297729
296232
118891
153165
29158
296849
29182
119054
50690
190928
82762
178744
245008
245009
298499
81935
71697
298500
82763
236424
82764
190870
30654
38400
38401
84805
206625
190927
205193
48854
205192
207509
177990
32094
48853
49840
49839
19305
48852
208096
50691
190855
50692
206621
190871
236425
206620
101309
7729
297105
152889
50638
189757
190450
20182
177989
205190
208099
177988
30653
399577
153170
79825
28887
101905
29178
30984
57974
206618
208101
189939
194260
50649
190904
50637
101904
206617
296233
297730
58685
244613
50693
101307
50636
192548
234846
192236
50650
244615
81140
189957
191668
48851
299520
255848
50695
28916
190909
208102
325681
30983
29176
20175
50651
190874
126756
297731
296234
208106
30035
245020
325680
236428
208110
29174
30982
20180
101306
178739
29170
30981
29172
20178
101304
178738
29167
7730
190875
298371
153175
29166
177986
18981
177122
101903
208109
206613
206611
206610
299873
205184
207435
244616
206608
67846
88196
77123
75529
266639
258019
365544
270018
52107
28331
82695
50660
49835
50659
190451
189748
49834
190849
49833
205182
49832
50654
190825
50655
50657
206607
49830
49829
50640
190906
50643
50642
177985
29164
20174
101302
49826
50634
190907
208112
190856
49825
128978
194037
31260
206606
50633
206605
206604
205181
49824
30651
208113
48849
206603
48848
190838
50694
206601
206600
82722
206599
205178
205177
253312
297106
152893
29136
245024
101301
358001
48845
205175
253313
178736
206598
101303
205173
206597
48844
206596
206595
29163
177984
20157
102135
30980
205172
206594
206593
20030
189901
206592
366836
298372
27513
286874
365542
152894
278487
266636
160952
93518
205171
204515
206591
50623
208100
38552
81119
48843
200588
27503
81122
207429
47896
53578
205168
82731
48842
84793
82751
81118
205167
48841
190846
48840
205166
190811
172414
178954
18978
29160
18173
30977
101300
178732
80800
82732
27519
79860
94555
81117
236433
177120
101298
29157
208122
38551
101297
29152
190847
205162
82449
206388
82752
118494
118158
48832
190872
82448
205161
118945
266629
48831
58690
191523
79864
156320
152901
399593
101296
30976
29148
101295
245033
325678
236435
81933
72020
152902
79866
118157
233690
325684
101902
30029
29147
30650
178735
20164
21339
30975
29118
297732
296235
101901
206240
297733
172415
121288
296236
232772
79867
152904
206239
48830
190820
81128
190859
325654
81116
28915
28914
206587
190865
48829
206586
81932
206584
244620
48828
48827
30647
190876
30974
190877
190815
128721
48826
18645
94546
100494
287505
58691
29138
48825
177119
30025
29119
205158
29140
190868
29139
177983
29120
190850
81120
101294
101293
29050
205157
207510
190896
299408
208124
208125
152909
299409
177982
71500
71694
205156
32023
48821
245056
207511
205155
21337
18974
48820
177981
177980
206582
152910
296832
82753
286880
50628
178680
84764
253013
20098
53571
296833
48818
152911
366834
76547
52109
76845
67838
258016
88191
266624
75275
270008
48817
190866
295252
299874
299875
299876
118493
118947
205151
190878
118948
118991
298589
118949
298373
177979
30022
50627
28885
101900
101899
190805
48813
20169
172418
58695
156090
233700
208129
48812
297735
296238
297107
298374
81930
190860
76846
76548
258015
88190
7366
48811
205152
298501
177118
295256
266622
270007
52088
365541
88189
77138
75274
68512
152915
399600
156321
79878
190282
190576
156091
394875
30020
177978
20137
177117
299410
152916
177977
20142
177976
177116
81112
296239
297736
48810
101290
190864
101289
205150
101897
29115
101896
152918
296834
189749
190452
205149
50581
27880
297737
296240
18973
21336
50583
50584
206578
177115
49820
380871
296835
51259
194080
118883
152920
205148
190325
50625
190824
205147
49818
20166
50561
207446
205146
118952
190861
29134
20165
101287
208132
206575
127169
30017
29132
121244
208134
50585
298590
19545
178715
50563
208136
50564
50565
190819
27881
21335
18972
28346
190283
101286
20155
29130
126779
189755
190453
50566
206574
208137
102129
245048
267298
206573
244627
295261
189855
189963
121247
38412
84787
81928
81103
200596
51088
42477
47237
20029
50567
205143
178725
49726
127176
49725
82745
295262
81106
81927
254916
58701
51260
205142
50568
49723
118987
49722
49721
49720
101895
325672
58702
49719
49718
49717
325675
101894
49716
29129
30973
49714
30972
29128
50570
190750
380827
382619
58703
298592
127170
299411
295267
127171
81110
27885
72669
81108
161187
53569
286883
200599
111652
84766
27495
82755
156094
118492
190816
118491
297738
296241
156096
233707
118953
152925
299412
178723
58705
190801
20152
30014
32089
192510
190848
49816
49815
134371
49814
118954
190796
50590
50591
82750
50594
299751
29082
20153
102127
29127
30970
178722
177975
30969
20154
29126
295269
118958
82441
82749
295270
82747
295271
82748
177974
325671
177973
208141
7385
29122
27891
50622
30013
177972
190818
32090
50596
79911
399609
152930
156327
245062
50598
206389
50621
118959
190832
206390
81926
50600
190837
50599
49813
206392
51419
50601
20144
101283
205138
190817
207447
50602
118885
50618
208142
50603
189899
192484
50619
50604
208143
50605
299752
299753
50606
297739
152933
296242
20141
178719
50607
50608
50609
206572
208145
179242
29114
30012
20140
297740
296243
156330
153182
79921
399611
295274
101282
101281
29113
30011
179243
20139
128980
49812
101280
57977
29083
29109
30010
245066
29112
82744
208146
101279
190810
49810
208147
50610
190844
206569
208148
299413
296244
297741
82734
156099
152940
295277
208149
189756
190454
48315
50571
206568
206567
118490
297108
206566
326348
58709
206565
118895
50616
208150
190808
206564
206563
19543
190772
298503
208151
81925
40541
80798
326347
205134
118896
208152
206562
118973
297742
152942
233721
296245
208153
297744
296246
156100
152943
233723
118974
206561
205132
190751
18970
178953
18172
295282
205129
49809
127160
205128
50615
299414
49808
49807
208154
50613
206558
190787
128979
51071
205125
49806
29084
30966
324013
49805
49804
190794
50588
297109
49803
49802
295921
297110
50589
206555
32070
49800
50572
72008
82724
326345
30644
101277
29049
190783
50573
81105
82725
29108
20134
101276
208160
30641
206554
208161
206553
206552
208162
208163
127161
298644
30006
50574
50575
299415
244635
81924
190765
190766
18969
21334
177112
18968
19945
177111
50578
299416
50580
82736
30001
29106
30963
101275
101891
101890
30000
190790
101889
72624
82700
190786
30637
101274
20114
128720
18646
50579
190791
190755
30636
101273
206238
58714
206551
28843
72625
27906
82727
206550
49323
295287
206237
49799
29086
101888
29999
82438
190455
189753
49798
49797
82437
208164
299754
190777
49796
81923
206547
236445
58715
190788
50560
380873
206544
297111
152951
298595
58716
50544
29096
50546
177971
298504
21332
18966
101272
298505
208166
190775
190784
30635
190773
20133
298596
101887
50549
27908
50550
190774
298597
101271
81922
206542
50551
29103
206541
20132
205119
207436
52541
28355
28844
82726
29996
101886
81088
53558
27468
169579
111644
52542
84773
299756
205118
299757
178711
20131
394911
18964
20028
50553
325649
58721
81098
118489
295290
118487
178709
81091
31517
31515
134674
49794
49793
70127
118937
49791
299758
49790
29087
29088
50535
29094
117602
208173
394915
233734
177970
50533
20116
177969
20109
49785
82432
20119
20110
79982
152964
399623
156336
29991
177105
29093
20120
101267
244640
236287
7073
177104
50520
190745
191522
81921
28356
29989
177103
236289
245082
208175
32056
49783
50530
81920
299884
50410
156337
399625
152968
79986
177967
29987
20112
208176
101885
325664
50523
190744
50526
190747
32049
208177
50525
178706
20113
30958
101265
29081
67823
101264
20111
101263
178705
29080
30957
19542
19541
177102
177966
101262
50529
191397
178686
76549
76863
258013
88172
49780
192235
50528
29071
208178
49778
32050
50524
134366
101261
48308
48809
50412
50517
40543
81919
27917
53550
28848
28358
208179
32052
50411
48808
101259
297828
50518
32051
208180
50519
49777
49776
49775
190697
297829
20092
82713
118930
29986
29079
50514
48313
190740
205115
190738
48277
48807
208181
27920
82716
177965
205114
207437
190735
205113
20097
172447
31512
48806
82717
297830
298506
234857
399628
156338
79992
153186
380665
205112
207512
298507
29073
82428
29985
177961
48805
81918
29984
177960
50515
29074
206539
50474
134365
206538
48804
18963
172451
21330
236294
299885
49773
160973
266602
152976
366395
287507
366824
285582
86741
365523
93505
27453
100495
278497
53547
253317
52097
286903
49772
208184
177959
29983
190732
50512
20086
177098
20095
178702
101258
30954
29076
50473
206537
190723
51418
208185
7410
50511
101884
118483
101257
49770
49769
20093
190748
50501
101256
190731
205110
50498
190724
191774
50499
236298
29078
20090
101255
50500
20094
134363
172452
20050
31511
29077
29982
101254
38430
298377
152977
172453
189898
50503
118907
205108
101883
101252
7412
50504
101882
172454
28361
81916
49768
190718
50505
19540
177097
20085
38432
28364
81915
253023
18962
21329
28911
82712
28365
234859
30629
29070
101249
178688
20051
30628
29068
178701
20054
32024
29066
178700
29981
32036
208187
190708
50506
298378
152978
190712
208188
177958
297112
70130
208189
49767
177096
49766
52545
81914
167404
80697
200018
111633
85270
158279
159439
40461
27437
47898
295303
172457
191775
49765
190713
7413
118889
298379
50475
297113
51414
177957
51415
177095
50477
50480
50479
30952
29047
233743
172459
394927
152983
118890
80018
50478
50482
366821
266600
208190
178692
177956
19940
18961
177955
50483
190704
101881
29980
21327
18960
29063
177094
48335
81074
27441
53545
52546
85269
169583
111631
172461
58731
325640
20058
208191
118910
208192
189897
377068
152985
20027
233203
233204
233205
233206
233207
233208
233209
152986
298646
267304
298508
118851
401833
20059
172464
325639
58732
50487
50489
118850
156111
233747
127164
394932
295308
298598
297114
20026
297115
118849
298601
118913
172467
58734
326339
20062
206393
206394
50491
18959
21326
190681
190682
118481
118848
27929
205101
7414
118847
296248
297747
296249
297748
298640
296523
71432
190673
159441
47902
111627
80696
85830
200020
158281
40466
27434
82706
52548
85268
47903
111626
167405
40467
81911
80695
85829
200021
159442
158282
85267
27436
52549
84753
47904
200022
53541
52550
82707
40468
81079
111625
159443
177092
118874
298602
178695
127165
118480
127166
189896
190215
190667
57981
178693
49763
67815
269973
266591
76872
366818
258009
365520
52095
88160
76950
75265
258008
75264
51558
76951
404842
266590
366817
76873
88159
67814
269972
49761
49760
49759
49758
50476
58740
31246
49757
205099
190647
177091
94476
80040
27435
177954
81077
208199
190659
49756
31245
190669
190670
208200
31244
50467
50414
50466
208201
177090
190661
20055
299418
378334
190662
50416
177953
177089
245092
236311
190663
118150
50472
156343
80043
152998
177087
190664
206395
50465
190666
32018
190665
177952
365519
88157
67811
76952
258007
269971
75263
366816
76874
52092
266589
177086
118866
190658
50463
208203
57982
177951
233216
298648
118149
81910
53538
52552
28367
28849
40544
244642
50427
82414
205097
208204
28368
82701
127158
204791
81908
206396
58742
191841
127936
20056
101244
29055
299419
101880
325636
19539
28908
190651
101243
30626
177084
297749
296250
153001
298649
295922
50453
189794
190016
190645
127159
49754
50469
190646
190649
50454
29046
29979
101242
299420
18957
21324
101241
29978
28883
50455
49753
50462
49752
49751
50458
177950
50459
58744
50450
118148
206533
190644
58745
205094
50452
49750
49749
190642
50428
118147
177949
177948
29977
208207
280028
326336
257532
362364
81076
27430
286913
332374
94473
171533
362568
266588
236314
169587
101237
153002
347500
245096
52553
80048
19994
285591
28851
162612
186628
50447
244644
50430
50449
38125
38124
190638
206530
81905
72616
81904
206529
190640
50432
208208
73181
58747
206526
190630
71681
73176
190635
190632
101235
20037
38123
28371
81903
48798
49748
177083
82410
205091
82698
206525
233219
48797
101232
178672
20038
29044
29976
50433
82409
245098
29038
82408
50409
205089
7422
7476
50958
205088
48795
101875
50418
190585
50441
80693
233223
272733
80694
93493
332372
27428
53536
85266
47905
287509
253318
200031
50434
190625
50419
205087
233224
153006
297751
296252
31233
20039
190626
48311
190620
20043
298091
190586
177947
299421
18955
21322
29975
101874
236317
81900
27938
118144
27939
377775
29043
29974
253319
206524
206523
177082
30625
236319
326333
101230
190614
206522
118142
206521
50446
190615
81899
51417
206520
206519
49747
49746
190616
190618
50420
190619
189894
49745
190456
50442
7428
257999
298380
153007
190588
49744
49322
49743
29042
101229
18953
51416
48283
48794
190608
190609
50435
190597
50436
245099
326332
29972
101873
29914
101227
101872
50437
50438
50439
30624
101226
101871
40472
236320
101225
49742
49741
29040
177945
49740
49739
190610
101223
234861
27942
81897
28882
101870
205083
207537
50426
49738
49737
49736
29039
118859
205082
190604
50425
190607
153010
233766
297752
172480
49735
29037
190590
118477
190457
189893
118137
126778
50422
128719
206516
208213
205079
118857
50423
207482
190601
49734
190596
190602
101869
29969
190591
190598
26937
284693
40547
47907
71675
49733
206514
206513
49732
49731
50417
49729
253320
177944
298381
153011
299424
377195
189892
51255
190326
206512
31228
190592
48331
365517
48792
377779
299425
18952
190593
118136
156127
29968
134358
48791
205077
48789
24490
257535
48788
177081
48787
172481
127110
118135
172482
20335
295321
18951
177080
48786
48785
190581
299878
178669
101222
177943
190583
48784
190580
71673
26933
47908
284692
205074
205073
31225
50927
189891
205072
190327
206511
48782
206510
48781
48780
118132
206509
189890
118131
118846
101221
29882
29967
297116
299879
191839
189889
37574
205068
118476
101868
101867
20025
18946
295327
295329
297117
295929
295930
205066
205065
178952
93642
93639
49321
93635
49320
297118
299759
127153
177732
49319
71921
49318
49317
134355
177731
49316
204789
73632
127973
117645
101216
299426
18174
101215
298511
101860
234355
30322
101214
101213
177727
101211
19301
19300
176733
19298
101210
192485
49315
101209
29881
101208
178951
58294
177726
101859
101858
235126
30321
101207
177725
177724
377066
29880
101206
79431
172131
73638
29879
30320
29945
29878
29877
29876
29944
134354
71575
30318
101205
117601
176732
235123
30316
101204
298512
48936
19934
189905
30315
53532
285336
101203
49313
19933
49312
232725
20333
49310
101202
101201
235121
176730
244128
127134
30314
101200
30313
49309
48935
127156
177722
244127
29875
101198
206236
29874
298651
101197
58290
29872
235118
101196
176729
176728
49307
50926
58289
101195
127112
299427
101194
58288
326113
49306
48934
127157
299428
49305
190286
278767
269232
297119
29871
50957
206235
101192
49304
206233
49303
71913
118293
48301
190458
101191
93631
93630
299429
29870
234350
206232
58286
235115
176726
29869
101190
29868
177721
177720
118292
118291
204781
404870
118287
118285
118284
20332
155939
118283
118282
191838
177719
326111
177718
29867
189983
176724
177717
176723
191952
101187
30312
101186
101857
101185
191953
191954
29866
191955
176722
29702
177716
235111
101184
29865
30311
176721
192624
49301
101856
48302
176720
76550
87536
299824
176719
235109
58282
29863
101183
207448
29862
48280
76956
87535
30308
297753
101855
29861
191951
134351
29701
382008
101181
101180
177715
29942
29941
101854
101179
235108
29858
30306
176718
58281
189886
29860
29859
29857
19294
101178
101177
172125
204777
299430
190328
50925
52315
53524
30304
298514
101853
285334
269857
390366
169518
283667
377665
47777
298092
97068
362548
76959
403036
294567
93447
86712
391893
52314
171369
85828
97266
292037
53523
366385
206231
172124
298382
101175
176717
49300
177714
172123
48933
19930
176716
101174
29856
235105
101852
29855
299825
252633
204775
299431
82371
206229
29854
101851
37807
82369
298657
206228
82368
191837
48932
48931
49298
29852
298658
206227
50956
380268
155935
134350
49297
51383
101169
299880
20331
49296
101168
176712
235102
29851
101176
134349
101167
101850
172121
101849
28235
28234
40234
48307
19928
204772
50923
101173
18924
18923
18922
18921
48930
271857
101848
272874
18920
82366
19292
101172
48276
191950
28233
48929
48928
18919
299432
29850
176708
101163
298659
101162
127107
299433
29849
50912
101161
29847
30301
101160
101158
29846
101165
29845
101157
177712
101156
30300
235101
101155
101154
28230
204770
204769
101153
101152
81834
177711
29842
298660
29843
29840
204768
177710
176705
101151
204767
299434
29839
101149
58275
176703
235099
172113
233015
118279
127108
155930
155929
118278
80786
298662
191949
29936
20330
101148
49294
49293
187790
71908
101147
82360
29836
257905
76537
29935
176702
29835
30297
29933
29834
101146
178950
18918
207449
159321
101145
177709
30296
29833
377657
297831
29832
176699
235094
101140
58274
176698
29831
297832
81832
29830
177708
81831
71905
206223
101847
20381
235092
176697
30294
101138
299760
298663
299761
177707
190288
49292
101136
29828
296377
204762
101845
206222
206221
298665
176695
29827
58271
235090
101133
29825
58498
29824
204759
50921
81829
49290
81828
28225
204757
204755
101131
101130
207514
29823
298666
298667
49288
19289
30293
29821
58268
235089
101128
176694
71573
49287
49286
80782
30292
18641
235088
206220
177706
127101
298668
80781
49285
189745
190212
18915
20382
101127
49283
177705
204751
29818
177704
19288
58265
235087
176690
29817
101126
50920
29929
298669
58264
29816
176689
235086
101125
101124
29814
20383
206219
207538
298670
190329
298094
299435
50955
190291
176688
206218
101122
177703
29925
29926
298672
29924
298673
401841
29923
101121
206216
176687
298675
49282
325466
176686
235085
101120
58262
29812
81826
58261
298676
204749
29811
101119
206214
49281
204747
49280
49279
49278
49277
49276
49275
49274
48926
49273
49272
49271
71571
192547
51353
189744
49270
48924
49269
93618
207483
177702
207539
101116
101115
50951
50913
298383
177701
285318
53509
298384
298682
191948
93617
81824
71895
49268
71894
58260
18909
101113
127105
207450
235080
29810
298683
176683
101112
49267
58259
204744
49266
204743
82346
49265
177700
29922
134345
298518
29921
30289
29920
101111
207484
176682
47773
53506
51077
207430
30288
30287
30286
29919
298519
29918
29917
299438
298684
51359
193961
48626
29916
298385
298520
285316
53505
47772
85814
85859
272734
234340
93615
298685
235076
29808
176680
101110
101109
176678
29807
235075
93614
101108
206212
29915
298521
204740
101107
206211
81821
29806
118276
204739
206210
177699
206209
29805
48923
189731
298686
177698
298687
48287
101106
58257
48242
380252
18907
177697
189732
49264
204736
50914
176675
93608
93607
58255
101105
326102
176674
93606
101104
178949
298688
93605
206208
50952
134340
30284
19285
127149
18906
19283
176673
118274
101103
48922
101102
58254
48921
48919
58252
18905
380250
101101
19282
49263
58251
204734
204733
50915
235074
101100
176672
29804
48625
20384
101098
82344
101097
326100
298689
177696
101843
177695
176669
101842
18903
155920
393975
49262
233010
190330
204732
50953
233009
50916
204731
206207
233008
30282
127972
49261
50917
206206
233007
233006
233005
233004
233003
176667
29799
50918
207451
177693
50919
18901
128707
49259
30281
49258
93603
177692
49257
101096
20385
81819
28220
177691
298690
127104
298691
204730
48918
51078
101095
48162
48163
326097
18900
49256
18899
206204
48306
101094
207540
101093
29801
204727
127146
58249
244119
50908
204726
206203
50949
204725
50948
58248
101092
101091
177690
50947
204723
177689
206201
190331
50950
48266
206199
206197
204722
50909
204794
380249
204721
48279
298692
299881
401844
48281
299762
58247
18898
101090
233002
101841
29797
101840
298693
189728
298695
298696
380248
50911
206195
298697
298698
298699
298703
298705
298706
58246
298707
298708
80780
49252
82338
204719
101086
49251
48917
49250
48916
299763
18896
29911
29796
29795
296837
49249
30278
30277
29910
29794
29793
18895
58243
101838
18894
298709
18893
101084
52045
76968
269824
87512
37797
177685
176666
244116
49248
49247
71568
204716
19966
298710
19275
298711
207438
298386
285305
162484
366379
53498
207515
27746
204715
101080
296344
101837
101836
101835
101834
20359
101833
28879
191836
347373
176665
362569
285304
171350
101078
235070
52301
326095
176664
272896
271856
298712
19967
101832
299440
48271
298713
18891
206194
326093
29792
206193
206192
298387
204713
101830
101073
7487
29909
93602
204795
101072
204796
267256
204797
40221
53497
52299
101071
204798
206190
20336
37796
206189
49244
252634
101069
298388
118269
298714
127100
285303
30273
177684
87510
380869
76538
269823
127139
176661
37795
101067
30272
30271
235064
176660
101066
298715
177683
82335
82334
206188
40220
206187
101065
134330
29790
58239
29789
29788
101829
29787
58238
206186
298716
49243
49242
29786
29785
58236
29908
20337
101060
298523
29784
29783
29782
297756
49240
29781
177680
19271
206185
37792
28211
20339
29905
30265
207485
29780
87507
51501
299996
403984
269820
176655
298718
127099
101059
176654
235058
29778
29777
29776
29775
81190
71565
101058
18890
49239
49238
235057
29802
176653
30263
101057
191769
48915
48268
206184
49237
207541
49236
204706
30261
101056
176652
29772
235056
58235
101055
176651
235055
51391
380235
155915
18888
299443
134323
298390
81816
298719
18887
176650
206183
204705
177679
101054
19950
206182
48253
206181
20341
172092
18886
52041
76972
87501
269816
257904
80776
235053
29771
101053
176649
80775
127138
29770
273096
58233
52295
53491
296854
155911
380234
134322
29769
29768
298393
299444
101052
58232
296378
172088
380232
177677
19267
30258
176648
19266
29767
19265
71879
101051
176647
29766
235050
58231
127135
30257
129671
298722
380870
76539
269813
58230
87500
207517
101050
30256
207452
37790
101048
101047
382005
297120
382003
30254
204700
285298
47770
272736
53490
176646
29765
257901
20386
189941
204699
29764
101046
48269
48299
127971
176645
19951
30253
20344
257900
273094
58229
393946
380228
30252
30251
20345
48624
50937
206180
206179
176644
206177
101045
177676
101044
177675
204698
232996
49233
204697
234337
206176
31723
29763
176643
58227
235047
101043
101042
30249
73297
101041
177673
206175
50936
177672
176639
29762
30246
298394
393944
29761
381998
176638
28206
204696
257899
204695
101828
380226
58226
101038
206173
28878
176637
93601
93600
381997
87496
51497
257898
48282
101037
177671
20391
101036
177670
19260
298724
101035
177669
71876
81815
298395
204694
101034
298396
93598
177668
204692
29760
48623
58489
206171
29759
204691
30241
48305
30240
28204
81814
29758
29903
30239
101032
81813
28203
101031
30238
176636
235044
177666
29755
19259
283656
20387
19953
28201
101827
20346
204690
29754
49232
49231
49230
20347
19954
20348
20349
29753
81811
326088
244103
48300
29752
20350
21435
29751
30236
176635
29749
127136
30234
235043
101029
177661
30233
298397
207542
155906
127098
298725
244102
177660
189814
127225
20389
177659
299445
29748
101028
176634
19955
29747
235041
101027
176633
204684
380221
50907
19956
101026
176632
48272
47742
189942
298726
326086
204682
20388
18882
232993
18880
191834
285290
48297
192320
191945
49229
49228
52290
53487
191521
48273
48914
49227
49226
257896
49225
21437
49224
101024
177658
21436
298728
189741
101023
101022
177657
153097
176630
382311
298095
153282
101021
49223
50946
18878
49222
101020
101019
298730
326084
71563
101018
134315
48274
192441
29746
298526
206170
71874
85813
81810
85860
298732
177656
206168
206167
19258
235038
206166
177655
37778
380219
172071
49221
50945
204679
206165
206164
206163
206162
204678
206161
206160
206159
19257
204677
207543
50938
204676
204675
177654
177653
176629
274301
204674
29696
177652
50944
204673
30229
30228
49219
204672
49218
176628
37776
206158
50943
204670
204671
206157
204668
19256
206156
204667
30227
18643
58217
206155
50939
207486
207441
20390
191833
206153
49216
49215
272897
207442
232991
204665
50905
204664
49214
298734
190332
199952
191941
191940
71870
176626
29694
19957
30225
153291
155903
299446
393912
172063
153292
192546
48275
189724
48304
189743
58215
232989
232988
30223
58485
29901
207544
172061
93592
30222
189723
29900
176623
235030
30221
101015
101826
48622
189943
20392
118266
49213
244097
177650
29899
176622
118265
206150
19255
235028
19253
393908
153341
93591
402222
19252
101017
190333
206149
50940
71561
204656
204655
298736
401849
298737
298738
18876
50942
190334
204653
204652
50904
118064
127097
48298
18642
393905
118065
155898
101824
28877
49212
52286
53482
49211
49210
177648
101011
244096
207487
189720
272737
380210
204651
50906
299764
80772
207453
285279
272739
30220
207518
298739
299765
81807
206147
80771
29898
206146
191766
206145
206144
58211
101008
204647
206143
204648
19959
49208
49207
177646
48912
206142
206141
28904
18875
101009
191768
49206
29897
49205
177644
191767
206140
29745
204646
191832
29744
101007
49204
298741
128895
206139
206138
298742
30219
206137
101006
30218
48911
176615
101005
235018
58205
29743
30217
244093
73636
30216
206136
206135
206134
81806
48910
191765
58204
134308
134307
49202
37772
269291
76540
269790
380868
87485
58201
191473
190335
206129
287218
153345
380207
30215
97090
97065
81805
29742
235015
58199
18873
176614
20379
29741
17749
193960
20380
177643
204645
190336
50941
298743
176613
101821
20376
19249
127133
37771
298744
153348
30212
37768
48909
118262
101003
20375
298400
206128
191936
274304
101002
204641
204640
207519
176611
189701
48264
189719
177642
177641
189740
189721
177639
278765
20374
30208
30206
29737
134304
402229
134303
134302
190383
134301
48907
127970
191831
48906
176609
49199
189862
49198
49197
49196
40209
298746
380204
49192
191934
49191
29896
49190
30205
30204
49189
189739
204636
48303
81803
177638
100997
58193
30202
298747
48905
49187
48904
190564
48903
296838
191520
153363
49186
48902
48901
49185
30201
30200
48899
204634
49184
30199
101819
177635
207488
100992
100991
100990
19241
48296
48898
30197
48212
48621
30196
30195
48278
377618
153365
380201
296529
393881
30194
206124
30193
207520
206123
48897
206121
58184
297757
204631
298751
204630
49182
191474
48620
48225
207454
29894
20365
380200
153373
207489
298752
100986
58182
207490
49181
49180
49179
299447
204629
204628
377038
48263
189704
296530
204624
189713
118257
204625
48618
128405
48617
48226
296533
29734
29733
29732
29731
37761
37760
37757
31275
29730
29691
298755
298756
118062
152256
298758
49177
153387
191672
49176
48896
204618
325492
298759
48895
49175
49174
204617
48894
49173
159293
199941
84718
52268
53459
19962
28195
232980
29722
153393
380190
299882
29728
207491
118256
177634
29726
204616
392068
204615
190565
207492
37752
80764
80763
58176
29725
297921
100979
29724
176606
235000
30189
100978
29723
100977
30188
191394
100976
100975
81802
100974
234999
172033
49172
19961
49171
297833
189708
29721
100972
176605
234998
297834
49170
49169
207493
298761
31725
172030
204614
50903
128951
190337
58174
128952
190338
176603
189944
299766
234997
285263
100971
58173
204613
204612
101817
28875
177632
100969
153406
118069
100968
206120
100967
81800
204610
206119
257877
171777
206118
49168
206117
204609
206116
380184
153408
19972
189711
206115
18867
298762
155881
379368
49167
48613
49166
118063
30186
29893
298764
48612
30185
189974
18866
30184
48611
29720
30183
30180
53453
272740
52262
285261
191391
19973
29717
393851
189700
48262
278775
153411
298765
153412
298766
29716
58170
29715
29891
297922
298768
20364
73169
234993
100966
134619
48156
257875
76552
299448
20363
28903
299449
380182
155877
298769
204608
234992
58169
176601
29714
100965
206114
48155
76553
206113
49165
134294
100964
299450
30176
100963
298770
79457
29713
49164
297923
206112
206111
298528
393846
206110
402238
48286
189707
204605
48893
49162
153419
53452
52261
199939
159285
176600
48892
18170
100962
153421
153422
298772
177625
18171
100961
30175
30174
298773
134293
37743
298774
87816
76983
257874
48153
51462
269760
58165
31767
48285
189705
381989
49160
37742
297924
134292
19976
177624
80757
296379
189698
232976
80753
177623
29685
177622
298776
298777
29684
29024
176598
29683
30172
296380
189699
153298
100960
49159
29682
176597
177621
206108
204604
204603
299767
189706
134291
189692
49158
153428
380179
48891
177619
29680
299768
100959
101816
29677
100958
100957
29676
176596
298779
155871
176595
100956
29675
234984
58164
101815
100955
244078
100954
206107
298529
285252
118248
48890
285250
298780
285249
332033
29670
29669
234983
176594
58163
100953
50932
48608
380177
204598
48607
299769
48606
206106
204597
204596
118247
28185
49156
153435
380175
190211
393840
29667
206105
232975
296348
48605
298781
79471
232974
28184
232973
232972
232971
100952
29666
176591
100951
29665
48604
30166
29712
207494
49155
49154
29664
177616
81798
48257
392075
81797
232970
232969
101813
37735
232968
28182
81796
234980
232967
29663
232966
19978
30165
19979
37733
37732
80749
81795
206099
134924
153441
79376
187091
393838
298782
380172
377588
326072
29662
172014
285877
48291
49153
191393
52259
159280
85811
85862
199935
53446
272741
49152
191830
49150
100950
232965
27728
191390
20362
48889
100949
58162
29661
298784
29711
71551
298785
206098
189945
380168
298787
28178
232964
206097
19234
232963
176590
29709
100947
58161
234976
176589
29660
80747
71495
234975
49147
49146
49143
53443
52256
159274
199932
48888
29659
153448
29658
153450
49141
48290
49140
298788
298789
71845
298790
87810
68220
269754
76986
382295
97356
257867
134286
172011
380167
134285
134284
19798
234974
31788
100946
29657
82308
153454
49139
204587
49138
30164
273083
58158
118245
380165
244076
177615
