29656
101812
380164
100944
177614
48887
7467
7468
28902
204586
18169
29655
100943
204585
189694
29025
29654
153457
189695
19232
19231
58155
325473
37397
29652
100942
31770
176586
234973
23935
81794
27725
100941
101811
298791
189697
30162
30161
57586
29651
191389
207545
177612
81793
28174
204581
57585
332032
57584
48602
134952
189691
28874
29649
48601
48600
177611
37724
206094
204578
49135
40194
52248
47736
53438
207495
176582
204576
274325
380158
206093
393801
7469
28925
82677
28172
48599
191519
18862
30154
29883
18861
100937
29642
176581
393799
118244
204574
80734
128557
192545
298793
48252
232961
257864
97355
87808
68219
269751
100935
176580
18860
29640
28170
82678
299451
48885
87807
257863
68218
97354
76988
269750
204573
274326
28901
18859
18858
100934
155851
153466
298098
134613
234966
326068
100933
29708
176579
58151
176578
134203
58149
204571
29026
58148
19229
172002
18857
377577
100932
18856
18855
100931
50933
48598
204569
176577
299452
58147
336554
58146
177610
100930
37722
176576
37721
93574
100928
234312
72488
244659
7470
204566
49133
30153
118068
29886
29638
30152
18168
118243
192544
29637
30151
29636
206084
244072
71549
298795
19228
48597
50934
48596
49132
58142
100927
232960
232959
232958
204560
204565
204561
48594
153474
82680
205059
380156
48593
379365
189693
48884
49131
266744
118240
100923
29633
18167
298798
205058
49130
232957
71840
51454
48592
153476
155834
380154
189688
127224
71839
29632
100921
380153
298799
87001
85807
160160
170768
85866
48590
18852
30150
299770
82305
82681
128043
153478
171996
58132
326066
118238
82672
71548
118237
299771
278752
82673
28161
134272
29631
81792
27718
58131
49129
7472
51452
71547
48588
71511
71494
37717
7473
153479
298800
19227
29630
71509
28156
82682
298801
57580
30147
18851
7474
18850
93572
177606
298802
48587
18849
232946
18848
100919
232944
29627
298803
57579
298531
298804
298805
58479
298806
18847
171993
100918
28873
100917
205057
48209
48585
29624
118811
155829
153482
380149
381987
382863
48584
204558
57578
30146
177605
298807
57577
177604
30144
100916
81062
232943
205056
155828
176570
29623
269338
382290
35624
58129
269740
87472
76541
40189
85867
81045
85806
71546
82645
232940
31763
234310
81063
27713
81791
23934
191472
134271
30142
49128
27712
93571
189813
82684
48583
204557
30141
100914
299453
48580
204556
49127
189975
49126
7475
380147
153488
156280
48578
207496
176569
101806
29620
82685
28153
326061
30139
100911
234951
29619
176568
29618
177603
176567
48330
207546
176566
101805
298808
100910
101804
101803
29027
118813
244657
28938
27404
94337
85914
81067
53421
285900
52239
272743
253284
199920
100908
190512
393779
233501
155820
177602
206082
206081
81066
233490
377013
232939
232937
299886
37710
37709
37708
37707
37706
72489
48882
189687
48881
49124
152247
82687
82683
155817
298810
71545
234309
298811
30136
134276
153305
393775
155814
380143
100907
18166
192499
48250
29707
18843
153306
171984
18842
48227
48574
298532
82646
28150
48573
298812
30134
297760
93442
153307
48329
30131
30130
205042
82647
27709
51445
48572
29029
204554
50355
127397
29611
177601
29610
190303
118815
134958
29609
29608
118816
118817
118818
205041
325490
207914
134957
326058
18841
31757
100905
129650
244751
357663
298813
299773
29607
97358
49122
48569
325488
71544
253279
48568
244653
325486
153317
155807
29604
50356
189984
155806
153315
79499
393768
296839
118233
393767
155805
118232
393766
298816
296535
171971
153319
155804
118087
380138
393765
232708
79356
175087
189946
204552
118122
50346
204551
50935
205037
48567
189860
100904
326056
58119
29706
30125
234941
176563
19981
100903
100902
29600
100901
117672
48566
118793
153320
189690
171970
18840
58117
326055
233562
155801
393763
49121
205035
51038
118231
296536
155800
30124
207916
299454
191828
42123
175130
50373
44184
47032
118119
297121
118794
155799
233492
118654
175131
153321
118828
118829
48880
191471
298818
175105
380130
118840
50364
50376
50377
153324
94279
325393
160876
392098
50378
205032
31745
37694
50360
48565
160877
392100
94427
153325
325394
37686
298820
153327
58112
189684
18834
153333
171956
298103
72563
233505
326051
58113
18835
38307
171963
178255
232934
76994
279880
366363
403977
97053
325917
285913
100593
160158
269730
284727
160880
171319
286735
153329
86706
256960
171962
335848
68176
298104
159255
53411
199910
52231
84732
392092
294564
81033
85916
382832
256999
257410
162440
27424
278440
257847
82691
71543
344204
97253
94333
283682
291752
189685
178256
81060
47729
27406
52230
53410
199908
84738
159254
49120
205030
49119
72564
190568
50358
232933
49118
76997
269727
382274
97353
51442
87779
68174
299774
71542
50359
49117
58469
48878
50349
298821
93566
72556
207905
93565
72555
176562
72534
93564
118797
118798
27700
72559
82693
18165
79357
298822
298823
134950
297835
232931
190558
50351
171952
189683
58111
18833
153281
29033
30920
178948
100895
117685
18164
29884
57576
325456
190556
87778
257845
76554
190517
206079
48563
206078
50348
190555
205029
298824
377010
48562
380124
118824
233510
206077
190559
153210
155784
380123
377550
134603
279876
81043
362570
176560
325485
52226
85919
347360
153211
244756
100894
234937
392079
285918
27413
94410
162439
79383
134946
134947
190339
48876
204544
298826
207904
50343
205028
118826
190563
117681
234303
134932
134602
51440
190551
50344
380122
172568
155782
28899
72554
48875
204543
205026
48561
189861
49115
205025
49114
19990
29018
190553
93562
72490
19991
325455
129649
50338
206075
134938
29588
177598
205024
233569
81034
232930
50339
377549
255731
207902
206074
27694
72560
50340
31273
72535
93561
85868
71819
82648
81040
85805
117680
117670
40297
82649
85804
71539
81039
85869
100892
48256
82300
71538
50341
190513
176556
117659
298828
176554
29015
279871
244650
190550
190547
50342
205021
177597
28978
206072
29022
29587
117679
49113
190382
81038
82650
71818
85920
153215
71537
118229
155779
118228
176553
283683
153217
377546
380119
155777
28996
18830
172572
80720
71536
81036
81035
29014
81031
117678
29586
29017
134601
134831
325453
52072
205020
81032
49112
100890
29585
117677
178947
29020
18163
233509
29013
380867
52073
269353
87470
76998
68214
269724
134929
325452
176552
30918
244758
57575
30117
30919
117644
298403
81787
81028
29584
29010
176551
48560
27410
82674
52221
81024
84721
85921
199903
159252
40296
53405
82299
19987
206069
190531
29012
29583
117668
82664
85803
85870
71815
82675
391875
189811
382868
381979
117667
29008
30917
29007
100887
19986
325481
28998
81027
134933
57574
175114
153218
50336
382869
381978
29582
190532
81785
190534
253278
48270
57573
134934
58107
29581
49111
206067
204539
134268
155774
153276
190533
48558
172575
100884
298829
134266
175102
153095
190527
177595
29000
128894
134599
207507
71533
134265
325448
49110
190514
50331
134264
325447
49109
134263
134595
117665
29002
30914
134931
134593
118752
57572
298830
326049
58105
29705
30913
134262
176549
134589
134930
20361
134260
176548
380115
190525
155771
377540
118802
20360
299456
134259
40294
199900
85802
53402
80984
27396
52219
84727
47726
159249
85871
134258
71532
134257
58103
177594
28992
134830
134256
177593
234923
153274
297836
49108
189681
118653
178243
18827
204537
190511
81029
19820
190518
190519
50328
190520
298831
204533
206066
190340
48556
377007
298832
298614
29003
29004
205017
205016
298833
51360
153271
118753
191466
178245
49107
189986
134254
49106
189885
48555
118754
190506
190508
296541
298615
48554
48223
49105
48873
50326
207468
72538
72542
135252
134927
233581
134253
81020
299457
134926
82670
134920
48553
28971
190504
48872
82665
71808
257837
52067
87771
77002
298834
80993
199899
52217
27395
53401
84714
85925
50324
189677
204531
190499
155764
204530
244741
291750
325461
234920
117663
28999
72543
30909
298835
30910
205015
191927
50325
118740
190502
97050
97263
30113
28972
28993
204529
28973
49104
190500
155763
153273
380112
49100
48870
118739
191928
206064
68205
97352
52068
87770
77003
382248
269718
117658
100879
234918
30112
29704
58096
176544
325460
48869
296543
153269
81017
81018
81016
117662
29578
28990
81015
81014
206063
190493
81007
50314
189680
48549
190495
81008
234292
81009
176543
28976
190494
298836
190490
204528
134251
191465
29575
58093
176542
234915
100878
325459
206062
206061
134250
206060
190374
134249
134248
207461
204525
28984
134247
207464
153263
48548
298837
189989
207467
50321
28983
48547
176541
191827
48546
190475
76556
257833
50312
30110
274332
50315
190464
28988
28987
19834
134587
81783
53399
40289
82669
84716
80994
47725
199897
85932
27361
159244
52214
176540
118764
48545
190405
50273
190465
191518
48544
48284
191924
50320
134246
118765
206058
58092
206057
206055
100877
28979
134245
28982
134244
190480
48249
49099
190486
206054
58091
134911
207459
190469
190471
118775
49098
298838
189990
153221
48868
72546
190472
207458
155756
153265
380107
377529
134912
190485
177592
28974
81004
50313
58089
58088
118777
177591
234911
72533
19915
298839
190406
50244
117660
30108
18825
100876
178239
28981
30907
30905
30904
28954
177590
28980
49097
190477
206053
134243
189810
134242
48543
48228
72532
50311
190470
28871
100875
190462
118221
49095
48213
48542
58087
19862
19225
127131
190459
118220
80992
190407
48541
152232
155751
121287
134903
117600
298840
134904
118767
298841
299458
298842
28977
117654
176539
18823
100874
29571
297837
28955
100873
19910
178233
28970
117656
30903
118768
19913
117655
176538
30886
100872
28969
127132
191923
84509
48539
207456
29570
176537
49094
189921
380106
48538
190193
72530
190391
100871
19914
28968
190385
118055
155750
244762
134241
117653
30887
176536
28967
100870
19224
19912
19911
85875
47755
85800
159238
82661
80986
27359
199895
40284
52213
84705
53395
50242
178234
48537
80997
155749
58085
233561
232705
80996
84706
53394
85928
52212
199894
253277
285934
94377
118769
18822
206049
48536
205008
58083
118714
81001
19819
48535
189884
189883
118067
127095
207462
118216
155746
233558
48534
50289
298846
190394
190393
48533
50292
178237
50294
118213
93559
93558
118212
85877
85798
27368
199890
52210
80995
53390
159685
84702
50295
190390
50296
50297
298847
153241
48532
191467
155740
118716
233550
28956
325446
50303
190389
93556
298848
48867
207419
377519
100868
28965
19905
93554
325444
28958
58465
134893
134894
204521
118708
50302
191470
118211
30107
28962
100865
178230
19908
117651
100864
30106
178229
19909
28961
117652
190386
28898
176535
117608
117594
58077
19902
48866
48865
49093
48248
190384
48864
82291
48531
190372
118707
19223
190380
134887
50248
190381
118210
80982
50249
377517
153245
155739
380105
191469
48529
50250
190379
50251
190378
117648
80953
80622
118741
50252
49091
50290
299775
206048
58076
18820
299776
48244
206047
207418
48254
177589
52059
365493
97351
403973
68179
382228
77009
87761
269707
296544
326044
58464
234896
82659
82290
118744
207417
72495
93552
50253
58463
49090
117643
72496
93551
50279
153084
298850
100860
30901
19896
28929
117642
178227
28947
28943
28944
28945
117631
29567
48245
207408
206045
207407
206044
204519
58074
118717
298851
155735
233535
100859
190357
80970
85797
85878
81893
71795
153230
155733
299460
48863
377511
155732
153231
380103
48246
296545
190354
58461
233553
155731
298852
118719
207405
118652
28942
100857
19895
30890
117639
176532
80971
80975
48528
190350
380102
298853
128893
232702
155730
50928
48527
206043
206042
117640
191922
190351
190352
190353
118722
58073
30103
176531
190349
190348
118115
18819
177586
41982
171923
19222
48862
49088
19818
49087
204998
49086
155726
128883
49085
204517
190194
49084
48526
50929
206040
172296
233531
207403
80632
81782
206039
48525
172295
298858
204516
190342
48522
30891
117638
28939
57571
190344
100855
85903
28870
357689
244761
298859
207380
298860
207381
48520
190209
298861
297926
72503
72504
48518
58067
190195
118730
48517
207396
155719
118705
233532
118711
27680
85899
80967
47752
53604
159233
84694
71529
27384
199885
207395
153077
155716
79299
380098
118712
171916
175044
233546
134898
190199
297927
204994
190191
48504
233537
190185
118651
118208
171771
297928
274336
253271
118650
118085
118203
118080
118081
118082
118083
178219
80968
85879
53750
199881
85796
159657
27358
85254
159229
403970
79274
93435
48499
118686
190161
72483
28135
82651
297840
153070
234884
58459
190168
153069
297929
48497
190166
207389
191822
298864
299462
134240
134891
297930
134890
58057
134888
134239
190162
190160
153068
380096
155708
190156
294853
48494
153067
204992
58056
134889
18818
204991
93431
48493
207388
190157
79279
118693
28933
48491
153066
190152
297931
29565
134557
190158
48489
207387
233071
48487
176528
298865
117637
298866
18817
81781
28934
298867
190153
48485
30102
134556
30893
171912
382195
299989
81780
37680
257823
48482
76546
37911
134555
190155
134554
235300
29563
28932
117635
48481
48480
29562
235297
171909
235296
48479
190151
134874
134872
134873
298536
298869
207386
28931
134871
58054
30101
48478
190025
257458
85873
48477
391865
28738
84688
40479
325899
85795
80963
134862
190148
134829
298537
298870
298871
207385
155702
380095
153195
234277
71527
234276
382194
382622
299988
50930
48473
206038
38246
235292
117627
118695
48471
190145
207377
40282
85794
85874
80620
80957
199879
58455
134553
48470
190142
48469
190143
48468
325433
28869
100852
28922
81777
190026
171903
232694
48467
190122
30098
80964
190141
58052
134863
50240
58051
29558
134859
117628
30885
28926
178215
19832
100851
190140
48229
48464
190123
153196
380091
155699
72469
93686
71505
298872
118685
204986
190084
48463
134860
298873
134861
48462
134552
29557
30097
134823
134855
190129
48461
134551
380089
155697
153198
48459
177578
28896
175024
134235
206035
206034
380088
298875
176527
82644
190125
48452
298876
155696
299463
190115
48450
190112
190117
190119
48447
190118
177577
128891
18813
207373
233526
206032
195832
101800
28921
28920
207374
207371
28895
58048
204980
48440
48439
297932
191893
178214
267237
100848
244749
85824
279852
71524
134828
326022
206030
298880
82406
30093
28868
189678
298881
174998
153053
118200
19817
118199
118649
19816
190086
48437
298882
190087
298883
232916
204974
171897
134231
134230
380086
58045
118658
190077
48430
326019
207367
177576
190072
117625
19849
30092
30879
30876
30875
48429
204976
118679
190078
232687
134853
80954
134852
117622
82403
19842
48428
28439
28823
81771
155685
153191
380085
171895
87747
269951
266576
365490
97258
76879
257805
52036
134549
80631
271194
19843
117624
29550
29549
101799
48427
48426
117598
30340
117619
19835
29547
48424
234273
297841
117597
117623
29546
117620
81770
48423
380923
118112
298884
48422
153046
189923
365489
207368
144851
58449
190069
48420
134849
207362
298885
153045
235281
80951
206028
18811
152215
18810
190053
153044
81768
234868
190063
190057
29542
118197
118111
118110
48419
118665
189881
48418
118196
191891
118195
190052
190054
58043
48417
80630
40275
85822
199871
134842
190047
206026
134843
134844
298888
232910
190055
380083
298889
190049
190048
190056
153040
81765
58041
48416
257802
84504
117613
190042
80949
134841
29541
19829
117612
117609
48412
190041
206024
48409
58039
80629
48408
206023
144850
134818
58038
48407
29540
134548
48406
58037
48405
190035
48404
134835
326006
380080
155680
153032
377479
134827
134836
244065
244745
97251
269949
365486
366921
76476
299983
257799
52033
266573
87744
48403
117606
19824
29539
134837
48396
189880
85821
72462
52399
80626
27317
53741
47746
28124
199868
159218
117596
58035
48401
326005
29538
234867
58034
53740
199867
80625
40490
26918
159217
71520
52398
85820
47745
81764
28123
29537
234268
134834
48397
190029
58448
134222
19825
71787
72461
71786
155679
298891
153028
31182
58446
257797
72459
71785
298892
190027
29534
71784
235273
72460
235272
244736
235271
244737
134833
296546
58445
299464
190023
48387
58031
380079
71519
118092
244491
207346
235270
71985
71517
93416
71783
155672
232676
118107
174929
19822
326003
71516
38214
58444
30338
134565
58443
134547
134564
134563
134220
134832
155670
152211
298894
58029
234864
29531
326001
206020
206019
118106
127129
207344
206018
118194
48385
50931
206017
134219
134826
19815
26914
40485
169492
167380
47744
390349
52397
85817
80623
53735
19214
18806
402245
37904
298895
204973
204967
296548
53734
52396
257971
269946
87738
298897
204966
172282
299466
24651
172281
235266
298899
298900
28430
49083
380073
172278
49081
235265
52391
53730
40271
269942
87737
257967
93682
206015
206014
134544
298904
71657
71976
48239
206013
71656
204963
204964
206012
177570
177569
48230
48233
172275
18943
58442
101796
101795
177568
134543
134542
28113
52389
53727
48231
134541
134540
102112
102111
81890
48218
58439
234396
81889
233069
233068
233067
233066
233065
233064
233063
233062
298907
233061
233060
233059
233058
233057
233056
233055
233054
233053
53726
52387
233052
298405
235259
204958
134538
233050
134537
134536
134535
134814
134813
134533
48215
134531
244706
71655
31925
134529
233048
233047
81883
392029
81880
172272
233046
298406
49078
87731
257965
49077
49076
177563
206010
206009
30335
204955
134526
204954
206008
204953
206007
272905
382871
87728
48207
298917
299469
49075
48216
285984
134524
101789
48214
53721
52381
28104
233045
233044
172622
298918
48221
257963
172270
128890
298919
102109
204950
298920
233043
233042
204949
134521
48222
204948
204947
48232
49073
134519
48224
82399
134796
382872
298923
172266
49071
272906
233041
298926
298927
298928
101781
298929
81875
298930
294822
206003
28420
235251
81874
52377
298931
48208
127128
206001
206000
177557
29947
325532
235249
127933
101779
204944
48217
87718
382875
177556
69901
121285
191325
204942
204941
121286
205998
177555
178213
205996
205995
102108
134517
134516
49069
134515
172259
49061
298937
233039
233038
233593
298938
134514
252927
298939
207926
207927
325529
134513
298942
325527
325526
298945
296381
49059
49058
49057
49056
204938
296382
49054
296383
298947
134779
49052
298948
52369
53695
58431
283716
325525
177551
294818
53693
204936
177549
172254
244701
178212
178211
178210
235241
58426
58425
178209
178208
127325
235239
244699
49049
49048
7257
71648
102107
205993
294816
298950
127327
205991
207928
294815
298952
172251
299470
299471
299472
298953
298407
286781
134507
134506
272907
272908
49044
382877
298956
286027
298957
380281
172246
298958
365505
269917
257955
76545
87706
272909
49041
269916
87705
102106
30948
294805
127273
298961
298962
49040
298963
380287
134502
178204
297934
49039
49038
49037
204932
49035
205990
205989
379418
178203
205986
49034
298966
49033
49032
49031
49030
298968
53681
52361
49028
294802
134500
49026
298969
49025
298970
178202
272776
28412
298973
326164
49023
49022
205984
205983
205982
298974
380293
121299
205980
48165
178201
177544
51537
257950
87701
269912
380295
172238
380296
118099
298975
172237
298976
48166
298977
93658
71645
207929
207930
172234
49019
71951
49018
244697
234390
177543
298981
298983
19308
52358
53679
48168
380300
178200
134496
233036
177541
134771
134495
48171
48172
128404
31906
204919
177538
48176
204918
299473
205974
49017
205973
204917
204916
205971
298985
71643
204915
71950
28815
51536
205969
205968
177536
49013
31904
298986
71641
272910
172619
172618
134493
177535
177534
178198
298988
178197
204913
205963
205961
298989
234388
204910
298990
48179
205960
205958
134492
134491
298991
134770
235225
326158
298992
298993
272607
286054
40252
298994
298995
298996
82389
298997
49008
49007
299474
71640
177531
134769
298998
134768
332107
286057
272780
299001
178196
205957
205956
205955
205954
178195
177529
178645
134490
205953
172218
299003
299005
380318
380319
299006
299007
49004
49003
299010
298612
299011
299012
299013
299014
299016
299017
37866
37865
299018
37864
299019
31289
37860
37859
298408
299020
49002
380327
172611
178194
299023
299024
178193
299025
71635
234385
299026
48185
48998
295331
380329
58400
299029
348500
177526
101761
134765
299031
81862
28406
134488
134764
81861
28405
299032
178646
278778
177525
134763
205945
177524
205944
274046
254975
48997
177523
37470
178192
58396
177522
326153
81860
234383
178191
402850
204907
81859
204901
48187
275551
294757
69921
299033
172202
380336
178190
101757
177520
101756
177519
233034
233033
134487
253299
53664
299034
30334
101755
299035
205942
299036
299037
48189
299038
101754
134486
380340
48995
48994
58388
177518
48992
177517
299041
48991
48990
177516
177515
177514
204900
177513
58385
134485
58384
205937
299042
296384
380345
102104
299044
48988
7777
299046
299047
134755
58379
82383
299048
299049
48987
134483
177509
48195
48196
380351
58377
177508
58376
48985
177507
178642
205932
299050
48984
299051
48983
204894
58375
177505
205931
48199
134482
37467
58374
58373
274386
380353
205928
205927
134753
234381
48204
205926
48981
76530
48205
48980
134480
134479
134478
48206
134477
48979
205924
205923
48978
134473
134472
48977
204892
299475
81856
299476
134471
134470
134469
205921
172195
299053
255488
380354
255487
102102
299477
294748
177503
178189
299054
380358
178188
205916
134468
82381
177502
177501
7776
299055
177500
178187
177499
178637
299478
134466
30946
101745
30945
101744
134465
28398
28397
294745
134464
81854
299056
274396
392440
380359
134463
178647
177498
28392
48775
134462
134461
134460
134459
205915
205914
134458
299057
299058
178186
235186
234377
121279
380362
134453
134740
134452
134451
28391
37842
402284
134450
205913
299060
299061
299062
31948
299063
299064
235181
326142
30944
101742
380365
234375
134449
204879
275549
204878
178656
177495
177494
178655
401897
134448
294742
177493
134446
134445
134444
28386
134443
299066
134442
134441
134440
274402
134439
177492
177491
177490
177489
299067
299068
402396
204876
299069
177488
28383
299479
178182
205908
205907
134437
48770
299071
48768
204870
48971
172604
380374
172605
134435
204869
255472
48767
299072
299073
244683
101741
134433
294740
134432
204867
299074
48969
204866
48968
134431
295335
299075
298410
332044
332043
30332
48966
58359
48965
30942
298411
118078
296385
178180
286768
27614
196301
80687
295338
178179
134717
299078
380380
48761
178178
80686
48963
48962
299079
177483
178520
177482
178521
177481
48759
58357
48961
58356
326140
299080
278779
121278
178177
178176
235174
325517
380385
299480
178175
48756
299082
299083
97625
172177
232747
380387
128887
134428
134427
134714
299481
204860
377974
402851
48753
204858
48752
48751
299085
299086
48959
134713
134425
58348
134424
204851
204849
207931
296386
255045
48746
48957
48956
326137
81852
235169
299088
48745
235168
80679
48955
80678
48953
48952
48951
80675
235167
295340
81851
30937
177474
299482
295341
48743
397456
48741
377981
134422
58344
299483
30936
102101
48948
48738
48945
121277
177472
379450
134419
299091
204843
48737
80671
380398
134417
134416
380399
101736
134415
48736
204840
48943
134414
58340
177471
58339
177470
58338
326134
177469
235162
58337
177468
177467
299101
48735
177466
48734
204838
177465
177464
178174
177462
204836
48733
48732
177461
177460
299102
272911
102100
177459
30934
101731
177457
58336
204835
48730
48729
101730
48728
295907
299486
377402
299103
299105
299106
37824
58334
177456
37822
295344
295348
299107
299108
48942
377984
299110
255453
299111
299112
134413
37449
380406
101728
191341
30932
48724
134412
102096
101727
48723
299113
135195
31980
178171
30331
48721
299114
299115
295905
299487
30330
30931
118647
48720
102095
377987
30930
177453
58329
127313
48718
177451
24650
177450
274419
204832
48717
299116
377408
380409
204831
48716
48715
48714
48713
128046
207932
27631
94449
58328
177448
177447
127314
30929
204829
299117
299118
71928
81846
177446
24648
295904
299488
177445
207937
177444
177443
134409
178169
299489
204827
204826
48707
48706
81849
81848
48704
48703
134404
177442
118643
118642
134403
48702
235154
81844
71926
30928
178168
177441
295903
299119
177440
60735
177439
233024
58327
37819
175175
119145
50395
177438
58326
297259
295902
58325
48701
48700
177437
134402
299120
48699
204821
134401
58324
297122
48696
177436
48694
48692
48691
255434
97621
58321
299124
294738
295356
48690
299125
299126
50403
207964
177434
204820
207941
178862
178863
207960
299127
299128
58320
299129
204813
191343
178167
81842
178857
177433
207957
295360
48685
119156
191378
48684
299130
177432
299131
294737
177431
177430
177429
31977
134691
134997
119152
118037
207956
134996
177428
48683
177427
177426
48681
48679
255425
48677
48676
48675
48674
177425
177424
177423
177422
299134
178166
299136
177421
58318
177420
326123
178165
207943
204811
299137
204810
207944
134981
118640
299138
295901
48672
118639
207945
118638
134983
236377
177419
177418
80651
52336
85286
27662
40247
47804
85840
53620
81841
134396
134984
134985
48669
48668
178164
81840
40245
71598
177415
177414
204809
207955
234362
191323
48667
299139
296387
118188
178163
80650
177413
58317
177412
177411
178162
118093
129656
394245
177410
295900
299141
119144
295372
295373
295899
326121
348218
296388
299142
48664
325504
178161
296389
48662
207925
26966
392444
93469
48661
287014
81838
295374
40530
296390
177409
24646
244843
85839
357857
255405
244672
178160
24644
178846
178847
178159
299144
402838
177407
207946
97691
377999
255399
172155
380418
287018
299490
48653
191349
48651
58316
191348
207948
299145
58314
48649
295377
299146
380421
299147
378000
299148
172151
255397
380422
378001
134976
134974
58312
255396
204808
24642
58310
255395
326117
326116
348219
58309
134970
299149
207951
204806
48643
379457
299150
58308
255384
273848
24640
177404
207935
177403
207952
299151
295382
295383
299152
299153
299154
177401
295384
299491
295896
134393
177400
177399
253292
378004
295389
380430
48637
299492
295893
93459
392447
172582
378005
255377
40507
380431
48636
81836
287020
26959
295390
295391
299493
295891
295890
299157
134392
295889
97626
232731
172146
380432
174945
48634
80641
295887
295886
295885
299158
299159
299160
379458
235148
378015
380434
295397
207954
299494
295404
57590
204803
58303
235147
57589
299163
299164
299166
299167
68484
382979
270397
299169
299170
299171
299172
379459
295419
295420
380435
58302
299173
377415
299174
299175
299176
295423
207936
255065
299177
299178
299180
295426
299183
299184
377419
297202
207923
299495
295877
299189
207924
58299
274082
207921
299191
377425
295437
299192
299193
299194
299195
299196
207919
402840
299197
380438
287028
392449
295875
294736
274080
207920
299198
295874
377428
295872
295870
295871
299200
295869
299201
295868
299202
378028
295448
177738
299204
299205
299206
392451
397505
255068
255069
299207
177737
295449
295450
295451
295452
295453
380444
299211
297341
299212
178613
299213
297183
299214
299215
295467
255072
177735
178261
297342
299217
377429
299218
177734
377432
299220
298414
402308
392455
295469
297343
295471
297430
299222
402313
297431
297184
297344
299225
377434
255074
255075
255076
295480
380451
297442
379461
255866
297345
297260
299226
299227
402843
255079
297346
392457
299228
287041
244818
295484
297347
295485
397517
380461
378037
295487
297185
295490
380462
297126
299229
255085
382984
270424
269488
378045
177733
178258
178259
295492
295493
295494
402844
295497
295498
295502
295503
295504
377438
299230
299232
295509
297261
297262
297263
297127
299237
299238
274047
366958
297265
266720
380469
299239
297350
379463
295518
297266
296391
299241
296392
297203
295522
297204
297267
380471
297351
296393
297129
298415
380472
295532
392468
336029
297131
297205
297206
255100
397539
295536
297137
295538
397827
299247
397544
397828
295543
299248
397547
397548
299249
397829
297452
296394
366959
299250
297207
295546
380477
287052
273875
273876
297352
196460
299254
177066
273877
297142
177065
299255
177064
297186
297353
272748
286202
295551
295552
380481
287055
392475
378073
295553
295554
295555
295556
299259
402400
177063
177062
299260
178634
297187
299262
177060
380482
295559
299265
296395
299266
297188
295564
397562
299268
297144
299270
295573
299271
299272
273885
299273
380484
118034
380485
118028
177055
297145
378086
287061
392481
378088
296396
118023
378090
255122
255869
297268
299275
178620
295586
295589
402335
178619
177051
378094
118018
283803
379464
287063
118030
118029
177047
296397
299281
299282
299283
299284
295599
297189
299285
378101
297208
299288
299289
97614
380495
299290
177043
177042
299291
297190
297355
177041
274109
336558
296398
295607
295608
297356
297357
255130
297209
324281
178629
297270
377443
178630
295609
295610
177939
296399
177039
295615
118019
255134
397875
255136
287067
297358
295616
295617
297210
177938
177038
297211
297212
177037
297272
178609
177937
380504
297213
297214
297215
380505
378121
297216
177035
397879
380510
297359
287069
295618
257557
392488
286218
390490
287070
284059
280092
297360
326484
270480
402409
296400
392489
295620
299295
297249
299297
299298
392491
299299
392493
296401
283821
283822
283823
283824
299302
283825
178607
297273
297274
178608
296402
397885
255535
297254
299305
296403
177034
177033
296404
297361
177031
402345
177935
336383
177030
178598
6620
177029
297362
397903
402413
295646
299306
177023
378138
177022
118015
177021
295648
394095
177020
297363
286228
117997
394093
380528
297191
177019
296405
177018
283834
299307
273895
178589
255158
178591
299309
297364
118002
297365
297366
299310
255162
383074
117998
118003
297367
397924
378165
397925
255544
118006
118008
177933
402415
178585
118007
69755
378167
380534
273902
299311
297218
297192
177932
380535
178582
295656
402416
177014
178580
178575
297368
397930
178579
378184
397934
297369
255551
397936
283841
297370
297371
118000
117999
397939
177012
177009
283845
177929
177928
177927
299313
273903
178573
402421
297276
150973
178574
287084
392522
178572
177926
283848
177925
177006
379468
117996
379469
295664
283849
297277
177922
177921
394048
297256
177920
177919
378204
297278
273907
177918
295668
177917
392528
295671
392529
336066
291611
402423
297279
299316
295678
283850
297280
392531
150909
178565
299318
178566
297220
295680
297281
392532
297282
392533
392534
297283
177003
297284
392535
297286
392537
297287
297289
392539
392541
297290
273914
392542
150913
273915
297292
178567
295692
297294
297295
178561
297296
273916
177002
297376
177915
117985
117984
296406
295695
177914
297147
177001
177000
297377
295697
150920
296407
296408
150923
297297
392550
397687
392551
274052
297298
117714
397688
112762
297299
150922
117979
380566
291613
336076
378210
299319
295932
283853
178552
176997
402425
336078
291614
383133
274853
258098
68417
270571
269547
296409
150925
392556
390534
257574
112781
286251
397972
287098
291726
336079
404903
178553
283854
117975
297378
295703
177911
299320
178549
295707
176995
176994
176993
299322
178516
299323
297379
297380
297443
287104
297444
336088
291617
267345
336089
283856
392561
397974
390540
286258
297303
269551
366965
270580
258101
274856
177909
397975
336090
291807
69741
297382
178544
297304
297151
291618
283857
404904
178545
295714
295715
297383
177908
295718
177907
336396
295721
117969
177905
117926
178539
117968
297384
176985
297305
295724
297385
295726
297306
297307
295729
295733
378212
380589
297308
176984
117966
176983
274529
117925
117967
117924
177904
297309
176981
176980
177903
177902
297386
295736
402366
178537
402428
178536
295737
297387
295738
297388
297389
295739
295740
297390
176977
295742
297310
297432
297153
397994
348229
397703
117935
176975
176973
177901
150944
297392
177900
176972
297221
297393
291622
336109
348231
297312
297313
402430
297314
178525
297315
297155
150948
392573
273924
392574
150950
297156
297394
296410
253435
283860
117923
176969
176968
296411
117956
274545
398015
297198
117922
398018
297445
117950
117955
117921
117920
297193
117912
176967
296412
258110
365599
271724
280119
284062
326499
390572
252597
286273
287106
366421
391952
294706
269559
366968
336400
270609
257578
297395
117945
117946
117947
176965
336120
117914
297446
297447
117952
117953
398027
117954
296413
117913
117951
297448
336124
291627
297222
178518
297316
151023
297317
151024
178517
295759
397733
176964
297158
177897
297397
177895
348235
297398
176962
297399
177894
397736
177893
177892
177891
297318
176961
177890
176960
176959
176957
177889
296414
177888
296415
176955
178450
177887
177886
177885
296416
117948
178512
297400
176954
297160
336408
176953
297199
151010
392585
401940
336411
117936
397750
398054
397753
397756
297319
297162
297163
297223
297401
297224
297320
151007
178508
336417
296418
296419
296420
391961
151004
297321
297403
402433
336428
391962
295934
287124
274559
297226
253445
398081
258120
326502
392594
286289
257590
112760
390598
336431
270632
287125
366423
269568
348236
297165
392598
283863
273947
255597
291816
336135
255878
283865
398086
297404
336438
297227
178502
297405
297406
297407
392601
150990
297200
390302
178503
398094
336441
177881
255605
336443
336444
253204
253447
253448
255606
267546
269571
382526
297322
286295
398102
287129
271254
287536
366424
280134
257595
391965
390605
291819
283871
284065
258122
270642
274872
336447
398104
297323
274873
270643
258123
269572
383222
280135
286296
398105
291820
150994
283872
283873
244815
274566
362394
283874
336449
253206
253451
177879
117938
297324
297408
176945
402053
398112
297167
176944
117905
402379
296421
150987
392604
402434
296422
177878
117933
297201
177877
178498
117904
117873
117931
177875
297409
297410
297228
291825
297411
401945
297412
297413
178495
295765
178496
295766
117872
117932
284010
398248
117871
297229
117928
398120
366976
297194
398125
177874
150976
297325
252607
297449
295771
297414
398128
297415
150972
283879
69721
398134
117929
397785
297416
297230
297231
397787
176939
295776
295777
295778
364620
295779
252608
364621
255627
297195
255630
295782
392611
287142
150911
392612
297171
273968
297172
273969
297417
297418
297326
297433
295787
297174
295788
297232
295790
297233
297234
273970
150917
297175
391856
297176
297235
297236
297237
297238
297196
297239
178491
295793
297327
295803
295938
295805
117919
295808
297328
297450
398145
255632
295939
177873
273972
295940
117911
150949
297329
297419
295941
297330
117918
69720
297451
364624
69719
69718
176938
117908
295809
295811
295812
271741
283881
297434
297420
348264
297435
271742
283882
255635
398150
177872
177871
253456
295942
178486
297240
364626
280149
252610
297421
297422
295815
398152
253457
255637
267563
382535
269581
295943
257609
286305
283885
280151
398153
291840
284070
287150
258162
336469
274879
270667
286306
253458
297331
297242
297332
297243
297333
297244
364628
390619
287152
391977
284072
398155
278663
270669
255638
382537
257612
366977
258164
269583
274595
257022
297423
280154
280204
365607
272716
336471
291842
267566
286308
336161
366428
283887
271748
252612
274881
117910
117916
273980
297245
295822
297334
297247
117869
336473
295823
295824
295825
295826
295827
267571
269585
274599
274882
366978
284074
295829
297335
297336
176936
297437
297424
364633
280156
366981
336479
346396
346397
295831
176934
297337
297338
346398
295950
297339
177870
117829
346400
402435
177869
177868
176932
295833
176931
253465
177867
283890
283891
297258
117830
297426
178482
117907
177866
336488
398178
295954
287163
365610
336489
391985
295835
176929
295955
295839
295956
297427
178477
295840
295957
295958
297428
257625
112782
271261
336495
257027
366439
286320
294719
287542
366987
252616
300011
326506
364637
150960
253470
271755
287165
270684
391988
272719
258186
390627
284699
365612
267358
278665
391989
295960
297429
365613
287166
391990
295961
252617
336496
295843
336498
273995
366988
253471
295962
297438
273997
295963
402388
401954
295844
295846
295847
402389
176928
295964
295965
178476
295966
295848
295849
295967
295969
295970
176926
117898
295972
176925
287169
295973
365615
392625
255660
336502
283896
295977
295976
253472
332052
287544
286324
272722
150961
294720
253473
332381
255661
280209
267623
269595
382568
283898
257029
278667
286325
271262
366440
390635
291868
287545
398190
284700
287171
272723
267361
391991
257627
336174
366990
270689
258194
300013
365617
274893
336505
271761
364642
295979
295980
295856
295981
150956
252621
287173
391993
176924
117897
177864
346409
402390
297439
295858
336176
267631
295983
295987
402391
404921
295990
283903
295991
295992
266735
270694
274896
366991
300015
365621
336507
258201
336179
287175
284702
272726
366442
291880
257630
257031
267365
287554
271265
286327
278672
390641
280167
392628
269600
382571
267636
295994
267984
253476
294722
332386
295995
295996
402393
255666
398199
398200
255667
295998
253479
365622
274897
366992
266737
336509
300017
258202
270695
366443
271266
150970
278675
257631
280169
286328
257032
398201
284703
272727
287177
267366
287557
291881
283905
390642
269603
267640
295999
255668
332387
294726
253480
267986
291882
398202
283906
296000
258203
280217
364650
267643
366993
257033
253482
296002
280172
390645
287178
270697
294728
269604
252629
284704
271773
391997
365623
266738
296003
280173
364651
255674
296004
404923
296005
283907
271774
178389
296009
404925
401957
296010
296011
178470
117896
275694
178471
177862
177861
177860
117894
178466
178465
117865
117892
177858
176916
176915
178462
178458
178463
274742
284038
177856
284033
177855
177854
117883
117882
177853
178451
178453
117879
176912
176910
177852
117875
117860
176907
117877
177851
178446
176905
178447
177850
117857
117858
176902
176901
284024
117851
366931
117856
117852
176899
178444
176897
117761
177845
366930
117855
69678
117854
178408
177844
176895
176894
177843
117853
177841
284021
178438
366929
176893
117847
177840
177839
117836
176892
176891
176890
117846
177838
176889
176888
117845
177837
176886
176885
178429
178428
178430
176883
178431
176882
284016
284018
348151
178423
176878
117841
178422
176877
348095
177836
178418
176874
176873
176872
178414
117838
117839
117842
177835
284014
117835
178410
177833
346493
346494
178404
177832
117826
177830
176870
178397
178396
178394
117828
117827
176869
177828
117825
177827
176868
176867
177825
176865
177824
177823
176864
346500
177821
177820
348268
178388
176862
176860
178387
117813
178386
176859
177819
275534
346519
348371
348532
176857
69613
177818
177817
177816
275533
346524
177814
178382
176853
178381
275531
346526
176852
346530
346531
176851
117811
176850
178378
176847
177813
176846
177811
117807
176843
178376
366927
176842
178374
176841
346540
178372
346552
176838
178366
244816
362398
346555
178368
178369
178353
176836
177809
178362
177808
117789
176835
177807
117790
176834
117799
177806
117798
346567
178358
178357
178355
178356
176832
177805
177804
176831
346573
178354
117796
177803
117797
177802
176830
348154
348243
117791
178351
117795
348244
117793
177801
177800
178348
178349
117794
177799
178346
117787
117792
177798
117786
346586
275516
348258
275774
346590
117780
177795
178340
178333
178339
117781
177794
178336
117782
177793
177792
117779
178334
177791
117777
177790
117767
348088
117772
117773
176825
117770
178331
178330
176824
178325
176823
177789
176822
178326
177788
117762
176821
178327
176820
176819
117752
117753
176818
176816
117758
244817
362399
177787
117756
176814
177786
117755
346614
177785
117749
177784
177783
176812
117750
177782
178324
117746
176811
117744
177781
117742
176809
177780
176807
346631
176805
178319
275792
178317
176802
177778
176801
117740
178315
177777
178314
177776
117738
117737
178312
176800
178313
117736
177775
117733
177774
117734
176798
117731
178310
178308
117730
176796
117729
178306
117728
176795
117727
117722
178303
117726
117725
178304
346650
177773
346657
117724
275797
348097
177771
1365
117723
177770
346664
178300
177768
346665
178286
177767
178299
178298
176792
177766
117720
176790
117719
348100
346670
117717
178293
177763
177762
117708
176786
176784
177761
117705
176783
178287
117706
177760
177759
176781
176779
117703
176778
177757
176774
177756
178280
117702
176768
177753
177752
117700
176765
176761
117699
176760
117697
176759
117691
178276
117689
177747
348109
176755
177745
177744
178268
176754
176753
176752
346713
275827
178271
176748
348121
346724
177743
178272
275837
346727
346728
244132
176746
176745
176743
244131
176741
244130
176740
176738
275844
176735
346735
348273
346737
346738
346741
348274
346743
346746
346747
348279
346750
346753
348282
348194
346767
348546
346770
348358
348363
348364
348246
348106
346847
348196
348197
348058
346928
348315
348557
362400
348199
347002
348110
348148
348201
348560
348561
348310
348562
348563
348327
348564
348116
347571
347274
348062
347316
347095
348571
347606
347153
347154
347624